3.562073
19.143860
18.876526
13.807617
17.820526
30.685059
19.246765
25.088074
47.296326
61.314514
72.596741
62.538452
49.369293
62.505249
92.447479
58.502991
21.023468
59.812073
36.879028
-34.042938
34.520996
135.737732
72.965607
128.261215
517.485596
645.881836
500.206665
530.335205
618.687866
577.219604
522.099548
508.811951
638.517700
602.303162
579.311829
549.693787
557.623779
542.318909
483.080017
454.624420
558.835815
672.084412
772.119263
676.485229
551.635376
552.535645
593.488647
598.207336
626.848999
639.947144
670.858765
719.319214
695.276978
602.766846
704.658325
855.982483
822.952637
602.157593
603.807556
614.120728
548.764404
394.538239
541.431030
672.152222
614.631409
626.256348
809.196899
702.991760
477.896362
463.485260
504.563049
400.369995
369.745728
493.297363
422.990540
357.885315
387.028473
463.316956
381.554596
306.559235
469.629700
706.122803
714.502441
677.666870
541.579102
584.047180
710.748901
782.574097
658.902100
764.725586
710.249817
622.595215
694.070068
910.130127
832.699951
753.972290
736.630127
808.488037
757.008118
884.214722
1074.907837
1227.238159
1353.527466
1232.668823
1292.492554
1338.494751
1388.807129
1255.157471
1141.311279
1109.961548
1083.122192
979.559021
887.531433
610.793640
400.061188
369.378693
448.640686
424.184998
425.796265
443.653595
511.964264
507.117188
492.553406
563.714966
545.691589
367.309021
350.065491
470.845825
418.204468
360.508759
411.406616
482.389526
402.008240
347.568573
378.656189
385.222900
402.910492
414.868103
331.596649
366.905670
451.666595
388.549866
338.412567
419.894165
463.753052
398.785278
384.356445
462.121399
456.592377
414.290009
379.284546
370.707123
367.052612
364.012115
370.952881
441.126343
531.460938
569.473267
597.553345
571.227295
584.813293
531.185791
475.136261
496.970276
605.082275
495.727264
423.464844
313.394043
102.141342
24.831665
44.585785
157.854065
-76.207550
120.118713
549.236572
799.758667
623.611084
289.547668
273.419250
333.052917
174.937744
89.531036
-38.438324
-0.840973
17.960114
36.195618
-1.989471
13.701141
143.516846
324.296570
263.237305
147.998489
54.225739
28.180267
-31.100891
4.459412
9.881317
6.395355
39.283417
134.857529
122.157928
60.346863
75.253265
117.744339
74.796906
-8.212799
-8.389771
7.300385
-5.802094
1.412689
1.599518
-11.403168
1.032776
-0.863281
0.648529
8.421631
0.664673
23.021912
62.540192
50.021149
-19.719147
21.302307
42.625214
-13.305939
1.531158
259.672028
312.680511
111.421082
82.206024
89.181549
-6.584534
-2.998444
20.247375
-27.334625
-4.007263
358.430023
371.739868
176.956085
136.875122
97.114075
206.859772
516.842102
617.114136
367.374603
94.244598
184.119690
101.806061
104.274460
62.700562
71.848129
78.913071
104.390701
42.537537
96.295883
106.403168
19.062836
143.743851
366.192078
392.653778
296.766937
333.120728
292.742126
196.478912
151.025604
91.692749
30.175018
33.560394
31.828766
18.468475
81.834213
240.016129
260.515106
143.526276
89.944473
57.502502
40.979248
0.856903
25.901215
6.991974
1.248871
7.456177
0.809387
-9.009399
-7.590851
-3.732666
-9.131042
-5.309235
-1.938446
-8.020660
-0.471436
-8.208740
-1.649353
-3.325562
-3.786865
-3.846527
0.209595
-3.939178
-6.602356
-1.473022
-3.388550
-3.838287
-4.948761
-2.306122
4.858337
-9.339172
-3.626282
3.773376
-4.357697
-12.177460
5.240753
-5.258636
-4.437469
-7.217285
0.261139
-4.232697
-3.868073
3.378906
-9.566315
-0.750153
0.112305
-9.303864
1.454926
-10.106934
1.595337
-6.129517
-4.001038
0.688263
-8.183441
-3.263580
0.017120
-9.055298
1.887360
-1.422333
-4.618774
-1.138550
0.791046
0.394989
-7.272217
4.696259
-6.140076
-1.979340
0.021423
-4.048065
-3.026886
0.788635
-7.610229
-1.549133
4.078857
-7.728119
3.217590
-0.120972
-5.158325
-0.932678
2.433228
-8.094666
2.717163
-2.422913
-2.269196
-5.401123
4.512726
-4.299438
-5.440399
5.248138
-4.822815
-4.041473
-1.895599
1.445892
-6.237946
-1.307770
1.828186
-5.755066
4.071136
0.097198
-0.812805
-1.305847
3.868622
-10.483307
-1.825470
-4.284454
-1.069305
1.039856
9.582275
19.087860
23.684326
58.051758
42.515533
-16.777130
10.336029
122.829575
149.519379
112.185181
110.336212
142.105637
135.135132
72.744049
40.161499
13.867310
6.646759
31.233826
16.996796
62.115280
192.844284
200.190002
117.325165
141.928558
230.384598
198.261688
69.172363
-30.430481
10.518127
-32.360138
-13.768646
4.188873
20.925903
73.079315
243.545227
386.653412
600.480957
654.990356
659.150757
685.863770
772.195984
782.154846
695.611145
713.923462
750.557922
745.067627
708.845337
749.649170
685.658691
542.459229
474.053070
489.550690
420.710114
304.701141
304.998352
330.301453
253.572449
213.490936
222.660355
168.906982
116.127960
142.742462
154.654922
95.522339
85.065094
63.719452
50.248627
71.040512
38.532257
22.092834
57.227631
51.920319
75.203033
143.389160
134.488205
28.057892
-29.218445
19.883789
28.929596
13.863281
10.099304
9.426483
-2.148315
-4.547516
-4.288025
32.947174
46.288605
70.173309
109.511765
130.019562
99.596481
75.831375
81.564667
86.770874
82.483826
81.473251
70.898712
87.261047
81.805084
60.575012
52.372589
82.040497
99.784119
89.670898
110.973267
120.029678
127.203720
117.764130
137.429321
134.877670
112.128387
105.572418
123.460297
101.446899
71.676102
68.670319
81.312714
77.385178
49.291779
9.241180
-1.718964
-5.157898
2.375214
3.123993
-6.754761
1.818054
2.017914
-7.463593
4.713226
0.815582
6.542603
23.710114
22.062134
5.620575
4.766144
26.755188
1.229980
-7.625031
8.572266
-6.511597
2.246643
17.721313
14.120972
16.793793
23.316101
13.868500
1.658447
3.123444
25.219971
26.570740
6.130493
1.122437
-9.849426
7.089142
-8.545227
-2.852600
-1.341553
-2.330872
-8.753296
3.503754
2.160034
-5.127563
12.954773
32.385101
24.830872
18.071503
7.584534
17.786011
49.565735
66.108154
55.141296
55.031464
44.396851
49.609314
60.591156
96.266266
106.584854
177.722244
240.421112
222.740463
199.001114
189.217407
197.475479
231.100464
285.641418
298.729034
236.126205
230.786575
255.296875
283.766510
246.108887
286.186859
375.803864
403.597168
412.790649
553.140015
709.634033
711.508728
458.290161
478.377289
449.057068
600.062927
682.114502
710.052124
617.635132
378.966248
402.976257
423.917480
429.725189
481.970856
563.197266
443.937134
408.499969
485.065826
367.170837
268.293945
368.596802
350.341858
37.548798
-57.786835
5.527588
0.994354
-41.001587
-16.890961
-9.815674
-26.016602
-3.450348
-19.985352
-10.944702
3.164093
0.500824
-0.140930
0.333191
-2.317688
-5.984161
-1.228790
-3.593994
-7.219238
0.293182
-3.485535
-9.519897
5.308990
-8.028839
-1.986237
-3.090332
-3.692230
-3.214111
2.143982
-5.191284
0.720612
-2.301331
0.495941
-4.092102
-4.441986
-7.381073
0.864014
2.494049
3.721710
29.566681
60.923416
59.647217
39.026703
27.932861
49.713013
80.491364
108.440216
82.074707
86.130035
92.053711
74.072098
69.418396
68.074036
66.569458
37.513275
23.457214
7.709320
20.315491
24.267120
33.366455
21.153198
15.346924
-9.525574
3.189697
-0.229248
-0.502991
1.067352
0.711060
-1.346497
2.989929
-1.180969
1.401611
1.939819
-0.752899
0.422150
3.621948
-3.715485
0.981140
-0.371460
-2.000214
-2.468414
-1.725342
-3.108887
-0.722839
-2.593903
-6.262512
4.798157
-9.144897
0.611908
-1.076416
-3.007843
-5.475525
0.737335
0.048523
-13.179840
5.231934
7.794312
-9.313660
23.455292
67.964752
63.081879
30.381012
72.902588
106.550644
107.838348
127.626831
121.123245
110.178299
111.818939
179.623718
232.526688
265.147217
272.996582
224.220886
223.638214
234.149887
225.103363
249.449860
357.485260
509.843018
666.745239
837.485107
888.591309
862.740967
1071.903320
1271.042603
1190.711914
1159.479736
1265.475952
1046.425781
992.771118
1392.364746
1355.714111
1142.706787
1208.810181
1363.602295
1200.096313
1371.587891
1656.146851
1534.150269
1462.126709
1461.638428
1162.387207
272.660797
-34.272858
29.607758
175.559998
73.416840
-11.602448
-3.430420
108.006851
171.213470
225.080093
121.159225
103.374603
108.505814
114.390152
179.013977
273.148071
326.266235
245.055267
199.066742
242.905304
270.903076
295.909546
323.583130
359.972107
327.658752
249.974762
245.627228
250.605301
244.906204
402.748779
504.295288
455.877472
140.708786
207.024872
185.886169
205.868988
124.975342
165.009811
153.116425
145.968292
149.097610
110.771210
117.928757
117.555801
98.275131
106.871414
130.322388
111.084671
85.956894
110.122086
107.568558
87.189331
39.579285
14.034821
18.395355
24.362305
24.407928
23.370056
32.198425
11.931854
-5.597656
3.553223
7.915039
5.286865
2.652435
5.781525
8.588959
7.222015
1.432068
5.628174
6.768555
2.107117
6.139740
1.297852
5.228668
3.117767
1.159027
5.136475
2.255066
2.851898
4.373779
1.223907
5.521851
-1.212585
6.490723
-4.113312
7.766785
-4.529388
3.243561
4.094910
2.425293
-2.073853
7.134857
-0.503693
-3.634064
-0.252777
2.962524
11.515686
8.311493
74.373550
88.701996
69.048279
66.406586
54.526184
40.725830
61.936676
76.792145
103.723267
199.947906
230.131622
163.674530
124.737335
166.493835
172.913940
141.527100
190.817596
166.073013
126.428543
107.441956
151.239883
146.861023
154.505737
182.234024
181.966461
165.062897
214.441101
219.077026
201.476471
199.263977
183.050873
179.564377
262.151825
359.317322
325.479919
268.280334
301.073547
325.767822
296.087219
208.785187
128.168945
110.057724
151.950195
145.224106
