-18.727528
-24.726429
13.922131
-35.372791
-29.118885
-25.025440
-2.085926
26.437756
-16.405079
-4.590808
-9.142506
17.494152
40.126415
68.733780
89.992905
89.634018
71.735764
9.629894
25.861767
31.493053
22.860546
26.527905
37.376965
63.102489
104.624924
151.810867
244.673141
304.811249
661.197876
1331.570068
1337.276978
1405.546631
1449.925415
1370.345459
1248.843506
1053.829712
917.382690
725.611816
585.866943
524.569885
529.497864
570.761536
597.195007
580.445862
586.965942
658.168823
726.651489
737.373108
702.630432
547.532288
556.866821
524.603821
606.935913
614.753540
463.446350
522.761047
528.717102
618.798828
532.096191
551.212769
677.832031
726.346069
743.756348
716.102417
696.058838
708.972351
635.954041
671.510925
690.179688
656.063171
778.780640
979.422058
887.686340
787.390686
876.815186
1049.673706
920.464478
998.658020
941.723267
764.452637
561.556213
557.359497
724.358826
580.859619
603.711914
637.017639
1048.256958
981.574036
1104.714722
1012.597839
1079.331421
1376.488647
1275.629395
1313.057251
1454.362549
1154.676636
1286.415771
1301.978394
1414.522949
1472.566162
888.659790
1215.709839
690.142822
1042.585815
1101.329346
748.546692
1230.688232
916.714844
1256.133301
1054.386963
1067.557251
1295.280640
1004.278687
1022.214417
950.780273
889.172791
872.652161
824.496765
454.271027
347.051300
328.681915
221.410843
217.871750
170.112625
149.725937
139.801132
148.782486
73.305954
135.837173
196.543869
93.549057
124.333115
287.464874
343.733002
319.773560
354.240997
472.729065
439.405853
475.029877
504.095703
422.557495
359.049072
287.162354
174.058395
150.110733
183.947433
66.902176
119.568375
189.085129
182.353043
230.850754
328.244537
213.778305
249.858444
202.507278
138.299515
147.013077
127.424484
198.473526
311.097412
475.202606
533.139160
523.973511
552.469238
500.559692
425.592102
430.383575
507.097504
618.061279
729.886353
722.249268
614.911621
412.571167
219.853806
-15.802784
-215.973801
-290.241699
-260.693359
-27.586353
407.905060
524.079224
425.921814
457.931824
518.119019
549.874695
615.597656
601.156250
391.667084
332.598022
338.966614
387.319397
416.891144
450.268219
535.513489
657.517822
726.905457
710.889648
573.080994
365.489227
244.340378
211.172806
256.793640
260.804321
224.022629
271.559204
257.084747
213.338577
182.215408
152.923691
105.597702
48.363964
55.342785
33.567272
77.504288
39.590832
60.568279
93.923813
43.760693
2.193799
-54.055836
-37.138538
11.255810
61.709148
48.113903
73.396469
67.187485
111.409164
97.038651
141.453506
284.533752
668.365234
657.500000
614.720886
600.596191
294.481659
221.367691
244.175858
241.091171
222.085861
264.469482
461.470123
444.386932
459.043427
633.546631
767.163940
928.222717
1201.864380
1058.272827
825.608887
575.653687
473.863098
464.620728
614.286682
673.534180
589.449463
466.406952
275.355682
306.789185
438.191071
537.132751
531.065430
628.286255
845.537231
1038.661377
1050.196289
1041.507324
998.980835
893.458984
814.362427
654.283264
551.162170
562.565613
610.511597
613.066284
569.054199
566.734680
626.430481
659.097595
687.144043
588.135803
485.765625
511.061859
613.867798
598.986938
495.410156
227.980026
83.715927
82.695297
-27.912891
-88.628830
-129.835251
-174.053024
-159.112717
-158.990402
-158.682114
-163.430527
-152.707565
-151.787338
-132.439926
-132.779587
-138.734055
-161.010239
-131.045334
-105.985519
-123.868942
-93.502060
-69.796738
-67.059494
-77.630051
-87.082565
-64.639023
-25.283802
3.264721
-9.210743
1.477429
2.092175
-21.349476
-31.548756
-18.609303
-32.987049
-26.347034
-17.498463
-21.022449
-21.602406
-21.512440
-38.843372
-28.284718
-33.632984
-20.036427
-37.267445
-48.478077
-19.275806
-32.733509
-37.049549
-51.911060
-42.288746
-22.768909
7.332898
15.026257
11.347912
1.938000
-43.816883
-19.267872
-10.715565
-15.356556
-15.248585
-10.447376
-42.037830
-46.922596
-57.231739
-36.873096
-19.247730
-27.266773
-21.684498
4.684826
2.568676
0.535901
-11.968128
-32.921986
-17.053211
-3.974658
-12.017262
-8.910572
21.011364
-15.157215
16.946667
6.971570
-16.202015
-18.628956
-14.693226
-22.834034
-34.577503
-13.035511
-3.073596
-16.469898
-10.150318
-5.534717
-11.261524
6.819226
3.741955
-13.664112
-11.845997
-0.718799
-2.273365
56.790356
81.173813
134.584518
83.838303
113.012161
158.635818
117.133163
152.236374
144.786758
278.886749
297.700867
298.777802
339.643463
403.926392
416.830170
444.579102
369.073181
268.652252
249.573349
197.884293
235.573532
375.206268
552.607056
651.858337
716.164795
820.895386
950.645020
952.059387
812.157166
660.102600
496.038849
489.175781
430.426300
345.544617
322.650970
377.186066
577.378906
733.554077
860.866821
1053.062500
1136.746460
1211.780518
1293.658447
1215.735596
1236.144043
1174.121338
1145.721436
1066.320801
1068.520142
961.269409
999.719788
842.359558
706.525330
615.248108
517.682129
434.542145
316.042145
301.886261
220.232864
191.074966
119.768814
32.147045
0.062695
97.270279
81.529099
55.469891
-19.679493
-30.650257
10.720592
22.194653
36.570324
63.897686
126.379440
115.339706
163.868668
244.214706
274.650543
209.447556
180.472855
164.934891
172.349380
143.906387
134.045303
84.336349
33.879894
-2.442798
1.490246
28.104443
45.801311
101.514786
168.516678
198.907486
183.540512
155.563614
135.712814
99.405930
93.539749
118.167770
92.921951
114.062241
92.959244
56.532604
64.156082
89.421432
84.069016
80.748795
95.633347
76.557388
123.837357
150.868820
177.176682
199.573593
46.179821
69.800339
2.247754
40.914257
21.005810
17.679211
63.565563
71.938614
71.614120
13.030956
-7.500659
-31.614491
-36.494801
11.208996
-7.290943
-18.006824
-23.499195
-14.192921
3.126721
38.864635
9.861095
-1.913745
-1.290027
17.617321
-5.372730
-22.208179
-69.863937
-85.661179
-76.454758
-101.139694
-81.489975
-63.409351
-61.353565
-42.784290
-5.818714
-57.068287
-27.512623
221.756516
241.679764
205.822495
174.656662
118.527847
2.922741
-14.398304
-77.894211
-80.646286
-69.556198
-51.733753
-46.019703
-90.022079
-91.702805
-56.327747
65.292709
-45.308765
-108.097702
-70.737961
-38.042957
19.547497
39.410778
33.015942
21.694286
30.627758
15.842236
20.952587
40.964916
42.104687
101.337570
140.908096
188.928970
174.807816
153.441605
145.878525
89.527451
114.478317
125.836746
113.825546
70.472305
61.482769
54.528515
64.787399
117.665207
272.931030
358.267242
423.366241
495.028931
700.640076
863.558289
733.572327
566.508850
375.611725
324.079895
490.279297
599.898438
566.694580
602.973633
576.575989
740.558899
737.295532
634.214111
604.192383
553.355286
393.883728
405.322968
445.290527
385.830109
635.721924
702.622498
581.314697
242.254776
242.992111
273.489563
228.117996
139.757278
143.470169
95.188522
64.962936
-17.329029
-71.612350
-62.100330
-61.500721
-25.113087
-55.663563
-8.840137
40.460094
11.728222
22.283092
19.858959
9.159191
24.556469
74.874313
10.110546
22.559521
2.088208
18.615917
5.713818
5.850171
16.538647
28.800671
9.742260
19.859509
21.198681
-14.045033
-14.910572
-5.805957
-24.511158
45.436687
118.251755
149.370346
208.593063
248.857742
253.128342
271.746399
323.707489
385.403839
528.672363
557.810303
534.450439
565.043274
518.540894
449.278564
448.309814
449.329834
408.419800
418.858887
447.631714
367.029602
319.997620
304.481567
168.891434
98.337936
47.593487
16.606457
32.811840
258.700958
152.768051
62.700970
-22.685047
-43.568775
-16.088612
-0.805652
-21.175037
-56.025990
-93.196274
-111.394150
-86.075058
-94.008530
-108.639694
-178.042709
-218.613022
-180.915695
-121.723312
-92.876511
-32.989491
38.778027
-14.085987
74.883255
24.522289
57.241802
125.262466
145.916611
144.871048
210.774185
208.396927
229.282028
252.174454
183.389816
120.158249
151.108231
188.833420
103.002823
117.056564
193.497879
247.299576
-35.949329
-74.070969
-49.491810
-55.378101
-25.867481
31.209850
391.020203
466.051086
541.891907
556.389526
578.628296
558.042725
530.454956
493.652679
550.414795
598.633972
684.623474
748.357605
784.147095
817.997925
878.957397
936.930237
1019.305847
1083.633789
1154.512085
1066.783447
945.082947
1445.232056
1452.141479
1444.443970
1639.715576
1570.291748
1400.907104
1623.906860
1830.899780
2007.845825
2163.734863
2174.252930
1967.687988
1359.651001
987.547546
713.590149
497.372681
379.072357
283.691528
335.726379
374.978271
387.024139
401.434509
486.809326
536.708679
611.145447
668.039185
721.269104
833.196533
890.226868
784.750549
725.216309
744.636047
749.807617
768.848083
810.298828
787.599182
770.125488
703.602417
648.310181
734.086853
776.440735
1012.172424
1333.992920
993.898560
878.765625
773.662781
622.948730
515.177490
390.914276
285.137970
308.038330
305.583679
223.072495
208.259262
185.667984
159.893173
178.999496
73.848709
56.174206
37.387341
33.520885
65.099289
53.845135
51.974255
107.297287
193.882584
265.356873
297.321655
293.523285
9.440807
294.222290
281.149933
313.809631
302.156219
297.085876
150.427139
65.319351
-7.658313
-50.161060
-48.695240
-37.612904
-33.011219
-22.261036
-14.653248
-52.362049
-31.279408
-68.538681
-60.090809
-47.835804
-92.684616
-95.485580
-71.528000
-54.490772
-32.968739
-2.674427
72.755569
39.493542
60.885967
26.528332
11.769115
1.161572
-19.515247
-16.081837
-13.188221
15.259411
23.003429
18.400463
-5.810230
-63.847889
-90.026718
-65.167648
-66.682602
-21.961597
3.922253
62.038494
72.709885
-3.460865
-15.821095
28.364452
93.737991
246.177200
255.653122
229.273941
178.749222
118.185135
51.642284
79.842728
152.445755
157.486160
118.800583
132.993576
148.398666
102.941208
147.842667
244.876602
299.391449
306.146118
363.459900
353.993713
253.717239
134.368729
91.954086
142.861740
246.441757
396.489746
361.531677
384.563080
424.836700
398.577148
375.957367
439.033447
498.247192
446.494934
275.178192
253.352341
206.437210
