-3.194672
10.786835
12.022705
6.995178
10.654663
23.677490
13.220917
17.662048
39.297546
54.534912
67.323761
56.595276
44.657288
58.144073
86.479538
52.339783
17.671021
52.863037
30.922241
-33.739380
30.493896
134.214630
64.946716
124.547577
491.512268
650.939941
520.561646
517.233948
615.427490
587.393555
532.427063
517.635376
617.783081
601.224854
583.151245
546.797791
558.661133
544.781372
488.370392
452.534607
572.150757
670.985474
776.554504
689.317993
546.134766
554.284058
594.561951
601.681763
624.508667
636.355469
654.274597
731.142151
704.168457
607.524231
705.203796
859.033203
821.638428
610.987366
594.509460
632.958801
536.785889
379.614441
549.561462
677.428223
619.168518
632.369263
813.236450
715.713318
478.450775
470.401794
486.240784
406.867432
380.559143
484.916534
405.107941
341.042358
382.087128
462.934296
399.263184
314.242523
460.636749
703.547546
729.155701
709.390747
550.287231
582.058838
716.280762
779.137939
684.203613
754.750122
716.775391
624.411804
713.767090
943.881897
847.066650
775.468201
744.820557
817.167480
776.256836
893.120972
1061.538574
1252.741211
1379.261963
1226.327759
1309.831055
1370.171997
1393.046265
1264.324097
1160.108276
1114.015747
1096.559814
995.493896
902.867493
628.196411
409.830505
365.955872
443.002380
430.900940
434.004639
449.028381
513.313293
513.322144
501.285736
570.151611
552.188965
385.622894
349.848816
474.044739
426.989868
360.043488
410.795776
473.829590
421.027985
343.462708
376.061981
393.428223
407.664368
413.208374
334.688751
369.858215
449.849915
386.050842
339.609467
412.801086
456.148804
406.919739
382.283691
454.650635
459.098389
420.657471
383.727600
369.397797
373.657959
368.029175
372.133392
444.950073
537.048645
580.312256
603.959717
586.353760
587.186340
536.718079
480.028931
494.482086
608.753540
489.585754
430.210052
313.977844
108.646423
13.378723
44.680359
109.284744
-61.735352
137.377274
519.908203
831.346802
644.261963
303.729156
261.296722
315.350616
207.406784
97.962341
-21.441284
-18.709503
26.571198
45.976715
4.266083
12.018951
127.357895
313.330322
265.231689
152.560638
57.064850
22.972412
-26.460144
7.213898
13.219910
11.617188
37.715424
129.007996
125.613388
61.875824
74.693024
115.671570
75.656372
-12.180664
-10.258453
3.856750
-5.260742
1.558289
2.497925
-10.491486
2.484161
-0.630188
-1.151123
7.037933
-0.636719
22.343872
62.974640
53.321625
-12.150970
22.299438
44.685577
-12.047272
-1.351440
250.501892
320.422211
141.668152
79.761627
76.579102
-0.390533
-1.986237
15.338623
-34.816742
7.219910
357.601471
370.164154
218.280380
129.643036
95.659256
254.665939
546.942505
682.820435
341.587891
134.068085
133.946320
108.097687
106.677460
59.514954
68.746002
89.525909
108.973969
45.698517
95.057663
110.253738
1.120941
150.278870
374.419342
406.612091
306.258636
333.504028
302.007080
193.188126
155.282806
95.158051
28.720184
38.965393
36.050140
22.673767
84.211884
234.732178
262.436340
161.825607
93.670288
53.031464
49.713928
5.875153
36.984314
6.866211
-2.458008
5.693878
2.370209
-6.998749
-6.707275
-2.439026
-8.612183
-5.379944
-1.410126
-8.164307
-0.090485
-7.757141
-1.294586
-2.718018
-4.062439
-3.183441
0.496368
-3.988281
-6.339935
-0.455505
-3.147919
-3.718658
-3.964478
-1.736267
5.090088
-9.800995
-2.627014
4.759308
-4.967834
-11.423218
6.282257
-4.488770
-4.071869
-5.313110
0.882904
-2.925568
-3.258026
4.623535
-9.247253
0.803162
2.115051
-9.581909
3.675171
-8.459015
2.512909
-3.865234
-3.798950
2.500824
-7.551178
-2.044250
1.598724
-8.468140
3.954590
0.179688
-4.301910
0.783203
1.747345
1.441254
-6.146179
6.481232
-4.426392
-0.651031
2.312134
-3.232086
-1.515778
2.293884
-6.803497
-0.113159
5.849274
-7.468506
5.195862
1.515961
-4.967590
1.221130
3.856903
-7.488190
4.625671
-1.109253
-1.935699
-3.736633
5.257538
-3.582428
-4.443939
6.953094
-4.776062
-2.700348
-0.302399
1.831238
-5.337494
-0.248199
3.099731
-5.430969
5.534271
0.871185
-0.420715
0.063538
4.505615
-10.205505
-0.474640
-2.718994
-0.494568
2.881195
9.931763
19.638428
24.197235
59.729004
47.352264
-15.085266
12.017151
121.094498
149.615799
117.182266
115.728363
139.278549
140.407959
78.127899
41.791168
15.654755
7.652802
33.896301
21.154938
65.061401
189.257477
206.924957
119.590912
146.511536
228.000580
209.008209
79.587448
-16.848267
24.078308
-19.698395
-8.250000
15.226807
22.715424
89.666168
246.861633
399.792419
607.205444
665.793274
666.544434
703.297363
775.085571
797.800537
719.484375
730.726257
753.954041
763.624390
722.413452
754.847534
701.234863
557.717407
484.779449
498.722260
429.844788
312.077301
310.026550
324.805298
260.381439
223.500198
224.008881
174.674469
127.012192
144.982758
156.020447
102.377930
89.986526
67.473450
55.781891
75.472702
42.354156
26.776611
59.315918
55.075806
81.676224
145.134323
140.414200
38.211182
-28.136322
19.999237
34.707794
17.225952
15.321777
12.128082
2.883820
0.393921
-1.635315
35.814911
47.502991
71.310471
110.143524
131.481873
104.254242
78.295685
83.284760
89.902588
83.943420
81.201813
73.063049
89.817886
83.893982
62.965408
55.264404
82.425644
100.683167
90.721954
113.026581
121.925705
130.170547
120.963196
138.096161
137.556183
114.041199
106.877853
124.667999
104.019333
72.985947
69.314606
81.865845
78.613403
51.803741
12.394470
0.663544
-3.749298
3.912262
4.168854
-7.603851
2.892242
3.513855
-7.737274
6.495300
1.695496
5.132416
23.574158
21.909882
5.838501
3.904999
26.070953
1.607208
-8.526154
9.187622
-6.850525
2.360535
17.503479
13.016907
18.277405
23.606354
13.519104
3.406769
2.777252
23.199585
26.670197
6.320801
2.129791
-9.287048
8.075775
-8.198914
-3.995941
-0.480225
-3.158051
-8.164642
3.769287
2.106445
-5.866516
12.805908
31.521057
25.311340
20.617523
8.684082
18.449707
51.215546
66.507141
56.326035
58.634674
47.304932
52.252960
61.877655
96.570251
108.180054
180.065948
242.458694
228.287750
205.471725
191.703415
199.601959
238.453796
289.981781
304.435699
245.897614
236.296555
259.332916
290.834167
247.976486
287.530060
380.166229
416.147430
419.677826
557.786499
712.725037
722.626709
479.256378
480.206543
462.512512
612.548767
710.225769
771.625610
608.200439
393.331085
396.751953
425.344269
440.269684
485.825317
571.943726
454.434296
423.132416
483.593628
374.069763
284.507294
364.664001
347.103699
59.347717
-61.326935
-2.011780
0.934357
-34.107666
-10.191650
-10.454803
-17.224945
-0.715576
-15.567047
-7.213470
3.562012
-0.736908
-0.127838
-0.097015
-2.501678
-5.434540
-1.247192
-3.680176
-7.407898
0.179352
-4.199646
-10.638000
5.381897
-8.985992
-3.026520
-3.275726
-5.654968
-4.190643
0.566437
-7.740295
-1.335052
-4.136017
-2.306030
-6.601227
-6.683472
-9.289215
-1.747131
0.351257
0.072876
25.888123
57.455750
58.409943
38.648041
25.706543
48.020416
78.839890
106.450638
80.302032
84.901016
89.930405
70.915863
67.741394
63.930908
63.421127
35.627258
21.226593
4.577271
17.073975
21.380310
28.775574
17.527527
13.283264
-12.027496
-1.300446
-4.188873
-6.071136
-3.823547
-4.847748
-6.396332
-2.254364
-7.132538
-4.330170
-3.778351
-6.763672
-4.734283
-1.472900
-9.197662
-3.600647
-4.743652
-7.308441
-6.740265
-6.038391
-7.539154
-4.915100
-6.511566
-10.429535
1.588501
-12.952087
-2.273438
-3.365173
-6.893677
-7.293152
-2.089417
-2.581116
-15.235138
3.600586
5.689484
-11.838684
22.651093
65.006226
62.956970
32.117615
72.107788
105.985474
109.806152
131.720490
126.274261
117.280426
116.359833
187.003586
239.609634
272.371368
286.040833
236.269012
234.987305
242.593109
234.130890
255.310181
365.239380
521.312378
675.540894
849.906128
904.154541
875.835754
1073.655884
1274.017944
1209.897827
1183.405518
1277.781738
1055.886353
1015.311829
1371.083252
1389.369141
1186.890381
1210.347168
1355.233643
1222.485840
1344.922363
1673.433105
1581.493408
1485.686279
1468.987549
1189.419189
324.233948
-47.147186
69.770294
149.598892
148.897339
-59.462738
83.198517
97.117386
135.981842
234.970001
136.910004
135.513794
115.514618
122.448761
180.776703
274.272125
326.537140
248.138611
195.361038
243.657959
270.897491
298.781372
326.224335
371.604065
329.757446
261.603821
243.836639
247.776978
248.003326
392.170105
500.289612
459.321625
149.074982
190.023117
201.145111
227.407730
138.019867
160.282959
154.080292
151.179184
146.318695
108.629044
118.619034
117.561157
96.886124
104.737366
125.924561
106.969254
81.210114
104.634964
101.618851
83.983643
38.373322
8.113312
13.941071
21.540009
18.960388
18.280365
29.358459
9.174316
-10.324646
0.085724
3.086578
-0.887238
-2.998871
1.018585
4.178375
2.067230
-3.960815
0.848724
1.726166
-3.752075
1.376648
-3.744537
0.121368
-1.123718
-4.125580
0.647827
-2.648041
-2.241394
-0.272797
-3.929932
0.875336
-6.192261
2.113007
-8.681854
3.319275
-8.492188
-1.570404
0.513306
-3.054443
-6.265930
3.249329
-5.080872
-7.038422
-2.383026
-0.839661
9.296753
4.720917
72.181351
87.930664
68.942062
68.384064
53.836868
41.727448
62.700272
71.028870
105.611511
200.468201
231.440979
169.114990
126.036469
166.142090
174.606400
143.693268
193.938904
169.360626
130.428848
110.710175
150.739594
150.704010
155.485977
182.729370
184.657349
167.984390
216.388321
220.310394
204.214355
203.533279
184.242844
183.215027
264.172211
360.214844
331.740723
271.696503
300.707886
330.813843
301.717834
212.712601
129.437271
113.651093
161.878204
149.274384
