1.974182
16.323364
17.902161
12.212524
16.039368
28.774475
17.486389
21.512085
43.160645
57.558197
69.696655
58.062927
45.932129
58.657501
87.406067
52.140076
16.654205
55.168518
33.212006
-35.053009
32.877838
134.420746
70.775635
132.484680
490.181396
651.208984
515.922119
505.698273
613.374695
583.289001
529.464355
515.362061
620.781067
606.138550
585.404663
542.463989
557.011292
540.865356
487.492279
449.146790
564.877930
667.388184
771.554382
680.829346
538.190796
546.197021
588.592041
596.903259
621.482788
627.517944
649.627441
721.880798
696.971436
601.650269
703.036987
859.093262
819.374146
603.587646
596.317505
627.239868
527.349487
385.886353
537.937561
687.386841
618.557739
633.562683
802.969116
715.979004
468.043030
472.055603
499.654358
412.045685
380.992920
484.809967
404.384094
339.424652
370.602203
457.207825
391.354675
312.930786
454.542419
702.220825
725.116577
688.714600
544.096191
574.030701
715.832642
791.121216
675.728516
751.667236
705.374817
620.914673
712.572632
921.861145
836.718750
772.374939
736.510010
809.455872
786.241699
882.516479
1076.453979
1244.425659
1376.186157
1228.994019
1319.326416
1362.827026
1395.869141
1279.096436
1167.102539
1126.260498
1094.268311
989.675903
902.373840
621.398071
402.855957
365.840851
446.246765
429.526001
435.987549
443.701202
511.133667
511.176025
492.588593
564.997131
547.513794
380.123932
349.934265
462.963104
423.626099
360.183990
401.995453
467.150970
416.977051
347.033020
374.120453
388.594574
408.328125
415.519073
334.005920
370.668610
454.187378
388.473267
339.686615
416.505615
460.608643
403.349091
383.651520
451.936554
458.046051
419.520813
381.456390
366.436890
372.666931
366.376251
370.976929
446.644897
538.400879
579.018738
602.501465
581.768555
582.835266
535.577515
477.075317
490.507019
613.255615
490.994751
429.652924
314.359619
108.201935
13.927826
42.813446
131.283783
-78.432892
135.917023
525.543152
830.416809
612.467651
352.080536
259.947937
340.994568
210.997955
75.818878
-42.816132
-17.161835
32.414032
46.651154
5.147095
18.945709
130.879425
325.066101
263.859711
152.403946
54.766754
24.576263
-25.839294
12.169098
17.500580
13.188965
43.217468
133.100525
128.359070
62.728668
78.444809
118.215424
78.112183
-8.907562
-6.391144
7.432739
-1.516296
4.218079
4.130707
-7.899963
6.380829
2.143250
1.503815
10.574768
2.644073
25.975586
66.813812
55.518219
-11.982971
22.855255
47.513947
-10.286499
3.211639
249.789307
328.198242
137.828217
80.647552
71.340088
-5.089569
3.350281
21.971893
-37.772675
6.590851
361.729431
369.431427
206.427155
142.783112
95.689331
241.377243
538.281372
645.606934
363.225220
142.288483
151.630280
102.729935
110.879700
55.567719
67.497620
88.915466
109.140579
44.943970
95.359741
108.707001
5.813629
150.869507
380.516357
408.939880
307.397003
328.147522
293.522064
192.650848
156.679047
93.593903
32.823273
45.371246
37.639374
23.089569
87.201462
244.256592
269.276886
161.045364
95.606842
52.608826
51.702667
7.655396
39.898712
10.804199
0.867950
9.500702
5.513977
-3.956238
-3.533203
0.492645
-5.226501
-1.610016
1.912506
-5.236755
3.554626
-4.636047
1.893433
0.327362
-0.959839
0.105469
3.529480
-0.875702
-2.975586
2.683075
-0.208954
-0.257324
-0.534271
1.282196
8.227509
-6.755371
0.757446
7.685425
-2.327637
-7.900208
9.516022
-2.258118
-1.260651
-2.471619
3.515564
-0.983582
-1.020050
7.490204
-6.938202
3.166016
4.079803
-7.651764
6.279236
-6.667358
4.347260
-2.404938
-2.022919
4.375793
-6.134918
-0.196899
3.317657
-7.236633
5.478760
1.197113
-3.087708
2.006226
2.632477
2.308594
-5.097321
7.799194
-3.921783
0.152985
3.263214
-2.647614
-0.693542
3.236603
-5.966827
0.924988
6.526031
-7.158722
6.096741
1.950256
-4.433685
1.996063
4.432587
-7.006287
5.705688
-0.503204
-1.102356
-3.053741
6.109711
-3.030640
-3.643250
7.841980
-4.167389
-1.564514
0.864166
2.794281
-4.375977
1.287048
4.333344
-4.545685
6.952271
2.287354
1.243042
1.769806
6.504333
-8.188263
2.438934
-0.223145
2.045197
5.516327
12.635681
22.471863
26.845581
63.581497
50.764893
-11.615082
15.720306
126.092773
155.474106
120.013260
119.823547
141.289383
144.246140
81.702621
45.349701
19.006622
12.333862
38.806885
25.085999
68.443848
196.545349
208.040649
118.313461
145.302582
224.893723
206.300629
82.421875
-19.466003
19.407928
-18.787415
-4.362732
15.495819
23.227783
88.489807
249.995331
396.830078
612.297729
662.626526
658.570129
697.073242
772.650574
798.310059
714.031860
729.395996
751.595947
768.105957
726.079346
758.535767
701.295349
556.012329
486.736084
498.137085
432.190857
310.294250
311.722107
326.827637
260.055664
223.509689
224.626984
178.212402
128.816040
147.447052
155.749786
104.629547
93.156845
69.037872
56.283508
77.443512
44.065857
28.044525
61.737854
54.808685
80.465942
146.982635
139.602112
35.424438
-27.267914
15.075134
34.206848
15.178192
13.725830
10.189423
2.072632
-1.442200
-2.621613
33.912292
48.119324
72.363129
111.780762
132.878235
104.603729
79.627228
83.958008
89.200775
83.704865
81.655914
73.231262
89.860123
83.917984
62.473053
54.804504
82.209946
100.234039
89.939178
113.334808
121.048492
129.732422
119.907257
137.743835
137.108337
113.571503
107.026428
124.690918
103.933716
72.574524
69.461456
81.388641
78.445938
51.575989
11.658051
0.469025
-4.420624
1.924927
3.203217
-8.664825
3.086914
3.080902
-8.086884
5.907501
0.979218
4.989563
24.467346
22.311584
5.808807
4.239471
27.210724
1.737335
-8.006531
10.191223
-6.445496
3.468536
18.736206
13.542572
19.392334
25.142822
15.263275
4.554413
4.021820
24.835022
28.954926
8.271393
4.667847
-7.737457
9.912537
-6.830505
-1.964050
1.869873
-0.559052
-5.471680
6.423981
4.462219
-3.588959
15.608551
34.204559
27.682526
23.323792
11.176025
20.159180
52.366577
68.127594
57.878387
60.689774
49.073944
53.197845
63.504120
97.725174
109.447327
182.655075
245.257019
228.492630
206.872391
192.530624
198.682510
236.252960
289.902374
304.537231
243.802597
236.961441
259.031250
289.610352
248.602249
287.292999
382.673401
413.578583
413.750519
558.513184
719.968140
724.189209
479.457214
480.057556
464.560181
607.953979
700.643127
736.713257
615.036011
392.929413
402.773804
427.217529
444.336975
495.070038
573.553467
455.800598
424.415649
487.443970
375.469299
285.325195
372.526733
354.342651
53.904648
-55.419464
2.839569
6.050720
-29.084045
-7.596771
-8.052277
-18.023193
-0.504822
-16.595856
-9.535828
4.063629
-0.049774
0.506378
0.706390
-1.490570
-4.608185
-0.131927
-2.639587
-6.404236
1.611237
-2.976013
-9.487640
6.906677
-8.044403
-1.359741
-1.632477
-4.228851
-2.753693
2.095703
-6.220001
0.608154
-2.947296
-1.270844
-5.536957
-5.584656
-8.557343
-0.999542
0.920135
0.372437
26.574615
58.253830
58.734177
38.613342
26.359985
46.724792
77.899857
105.748932
79.371231
84.842911
89.856155
70.567230
66.314896
63.402481
63.466888
35.838348
21.889801
4.692169
17.108185
21.344421
29.459442
18.496460
14.880402
-10.750763
0.370605
-2.419769
-3.771545
-0.600708
-1.492004
-2.213257
2.316711
-2.410736
1.040741
2.363525
-0.426331
1.521423
4.710693
-3.307037
2.500488
0.646179
-1.979614
-1.355713
-1.007874
-2.847473
-0.407074
-2.249146
-6.594543
5.358704
-10.035492
0.684998
-0.824097
-4.546509
-5.134247
-0.065796
-0.450623
-13.192169
6.329773
8.520050
-9.451202
25.883820
69.444885
66.976990
35.443359
76.901001
110.216248
114.209900
137.628357
129.989227
123.088684
122.203583
189.439804
244.474716
277.540527
290.199646
240.298904
236.053391
245.565765
238.688599
260.619873
373.146515
526.786072
682.527710
853.958313
903.600464
874.125183
1067.922485
1271.143555
1198.548584
1183.715576
1264.708252
1052.875244
1017.302856
1362.979980
1379.088867
1186.232422
1223.091309
1365.924072
1236.853516
1380.709717
1685.277344
1573.509521
1474.568848
1450.728149
1192.175903
345.270355
-66.842346
74.964691
207.951874
131.242081
-66.092224
72.000168
100.446533
150.958435
242.323730
138.447845
121.061676
116.701172
107.849854
180.853363
275.896362
328.077972
245.709900
190.342865
240.539368
271.243713
298.769287
325.837555
365.395752
330.045502
255.970856
244.274811
250.463013
249.742294
396.919922
504.912048
461.824646
149.206314
197.872772
187.393280
218.115509
137.497101
155.147949
149.200699
150.029266
148.320602
109.236389
119.196716
119.436234
97.420807
105.434067
128.757492
109.455322
83.192062
107.425674
104.074600
85.582825
39.512390
9.365051
15.792297
22.119476
20.161407
19.205658
31.709229
11.049042
-8.325378
1.191101
4.593506
1.115723
-0.085785
3.816254
6.551666
4.663757
-1.125641
3.713013
4.257721
-1.305267
4.630524
-1.002289
2.935028
1.370789
-1.317841
3.645508
0.029877
0.499542
2.601593
-1.238251
3.641357
-3.630005
5.019989
-6.214050
6.397614
-5.969543
1.178925
2.987366
-0.589264
-3.727325
5.596222
-2.898315
-4.522186
0.023376
1.409973
11.617249
6.426086
74.289688
89.351242
69.655548
70.638428
54.883789
42.216888
63.155182
73.152710
108.123398
205.199646
234.292603
168.645767
128.547104
167.059265
175.856369
144.796906
196.726669
170.755341
131.723450
112.800476
150.842270
150.296356
156.417770
184.900269
186.102997
168.680298
217.627960
220.932724
205.687088
206.952240
186.949921
183.338226
266.229614
363.177002
332.411621
272.721252
298.656555
331.762085
302.118286
215.017578
128.427902
113.057617
162.295929
149.610367
