3.631226
16.936951
17.632111
13.019379
17.618530
27.037628
18.527130
24.884003
46.205078
60.035126
69.090912
60.481598
49.994598
61.177277
88.630844
57.322723
22.123962
51.338440
32.488098
-27.444824
44.268616
137.210785
60.273438
131.281891
496.540955
640.454224
514.582764
494.755707
603.739990
573.721985
529.604492
511.797028
630.058838
614.478149
575.337036
547.402344
560.195801
543.797180
485.774323
450.950134
566.013611
676.013306
771.939941
680.768799
535.109131
544.079468
590.700745
601.055908
623.865601
623.473145
663.187378
719.161987
693.358887
609.910950
704.647400
863.944824
824.255554
608.430542
592.145630
606.105652
531.166382
381.649292
542.337708
700.020142
621.258850
636.801147
802.771362
706.409180
484.566681
479.045319
511.224182
427.222748
387.666565
484.501984
415.627106
339.940704
382.523254
470.466339
394.146210
323.533600
470.106903
686.647583
727.935547
666.124878
559.139465
587.596863
731.046082
783.676880
681.237549
764.612549
684.852295
620.275452
714.825317
899.991333
838.661987
754.598694
742.353760
790.554077
800.335266
890.137573
1067.224976
1245.339111
1360.248169
1248.794067
1310.784180
1364.714111
1367.266357
1258.365234
1156.172485
1110.671875
1092.745361
992.797485
893.303589
620.249756
408.249695
370.297913
453.524170
430.282501
431.108826
447.373291
513.111755
512.175537
501.197906
572.700500
563.180847
375.836853
351.850311
473.250092
420.119568
354.636536
404.710327
475.296021
410.075073
349.192719
372.528503
393.036652
408.752411
412.145325
335.899902
369.226624
448.952911
392.264557
339.389404
421.031982
458.323059
399.910767
384.629333
459.429504
460.082031
417.774841
383.866211
373.556061
372.975555
368.013489
370.215881
450.979279
542.498596
578.508423
610.007202
574.267944
580.298950
525.051270
474.402252
498.426849
604.706116
492.712311
444.995178
321.269775
104.227997
2.909424
50.306732
107.510132
-76.363739
142.292709
537.356934
832.063049
646.836792
317.847229
245.246735
339.793152
209.638885
104.846924
-29.727417
-2.655304
32.376221
43.727905
-0.683502
25.471008
143.862061
326.184052
268.372162
152.845795
50.135406
32.428864
-26.076263
10.682800
8.789581
3.556915
34.826660
133.577362
128.010086
63.855560
77.843719
114.689896
73.204010
-11.306519
-7.315094
6.181702
-3.035828
2.205933
4.905426
-6.579224
1.157501
1.016266
2.921112
10.777374
1.059082
32.157959
65.149994
61.236572
-17.574707
22.528229
43.501648
-19.680023
0.972290
251.559662
318.907074
138.459457
77.280304
80.872925
5.522552
3.854675
28.819611
-23.485413
7.298981
363.685547
373.945862
219.238647
134.444611
97.494385
211.823074
518.697266
648.006836
346.891449
128.152863
157.509506
106.051086
96.944885
59.939117
73.861938
91.431213
108.157349
42.107635
99.932556
107.408630
-0.478699
156.937042
373.371246
401.339569
307.953461
328.320496
294.896301
193.344604
151.097794
88.051727
28.154266
29.872192
22.368500
21.643524
89.478241
244.608704
264.095917
157.288361
93.509705
52.833679
55.460480
2.713348
37.695343
6.805420
-0.970215
6.215424
0.985016
-7.375244
-5.351013
-2.422546
-5.859741
-3.053223
-0.806824
-4.518311
0.537506
-4.549530
-0.711182
-0.391235
-1.346893
-1.410706
2.322723
-0.549225
-3.704865
-0.756622
-0.640442
-1.137878
-2.498901
0.355194
6.285431
-6.308167
-0.547913
5.680969
-1.057556
-7.917908
5.529663
-1.884918
-3.107880
-4.248688
0.873444
-1.889313
-1.713806
3.609070
-7.143372
0.226562
1.319366
-6.616882
2.205902
-7.767090
2.181519
-2.902008
-1.427307
1.650940
-4.053131
-1.735352
1.374939
-5.265442
2.404419
2.038422
-1.343506
0.575714
3.796722
2.448700
-3.288177
5.211609
-3.089325
-0.669617
1.672577
-1.255127
-1.253143
2.063904
-4.043518
-0.165222
4.996338
-4.955292
4.377167
2.961426
-2.073761
0.136566
3.918671
-4.913269
3.289490
0.782379
-0.453339
-2.726227
4.939453
-1.350861
-3.023590
5.043060
-2.529327
-2.476898
0.201599
2.458588
-3.128510
0.493378
3.287659
-2.122314
4.627014
3.167694
1.718872
1.350342
4.912292
-8.036163
-0.446869
-1.922974
-0.503571
3.217834
12.658051
23.267578
28.375244
60.514725
45.607880
-13.571686
13.871979
125.284317
154.527527
116.646500
117.601105
141.857437
145.495300
74.182449
46.277100
18.471100
8.633118
37.117645
17.527130
65.658722
193.163300
209.529724
118.777863
146.073517
235.897781
207.637177
82.814835
-22.855286
23.918488
-19.310486
-2.050293
8.524536
18.712280
69.071335
251.917694
406.772583
608.433838
667.516296
669.957214
695.602173
771.538269
797.232971
710.103455
728.940247
751.790283
759.619995
713.300415
756.516785
699.587341
549.799561
479.146912
493.247101
429.348724
313.376343
314.648499
327.987885
259.782501
218.772888
225.935669
178.361008
124.794296
147.853592
156.557175
102.284119
88.486176
66.074783
55.587616
70.895508
42.112518
26.192841
58.647491
50.609070
86.280579
150.669250
137.785492
32.173859
-23.255096
18.397064
37.871735
19.347595
13.987640
10.314758
-0.401398
-1.847748
-3.783234
35.417419
46.401245
75.691650
112.399094
131.443634
102.932190
78.952881
81.804016
88.909332
85.306549
84.833679
75.588287
87.610458
83.975891
63.282425
55.934036
84.413422
101.175247
93.467896
113.251526
122.796997
127.915009
120.884613
137.334137
135.037415
115.034164
109.131744
121.971420
101.481293
73.885895
71.522446
83.581909
77.970108
49.982452
11.621246
-2.266968
-5.447937
5.048187
4.540375
-4.906982
2.010010
1.445007
-6.078339
4.643890
2.167389
7.944244
23.014801
22.271729
7.954651
6.804688
25.205963
3.395935
-6.096741
6.157349
-5.730499
2.314819
18.202271
15.473816
15.788361
23.608978
14.479675
1.306396
4.389099
24.847382
24.969360
7.718231
2.009766
-8.457306
7.642334
-8.271332
-1.550812
0.883514
-0.311493
-6.370575
3.457855
4.591827
-1.466492
16.684723
34.423920
26.777100
20.947937
9.933075
19.770203
52.789612
68.773346
59.065094
58.689941
46.723938
53.460205
61.144852
99.914032
103.107574
190.716553
244.857010
229.744202
208.533051
188.802216
198.726364
237.862457
293.796173
301.776855
240.569351
234.925858
256.613190
291.499176
242.947113
293.886902
365.012115
397.309357
411.970001
564.687439
719.112854
716.798218
479.017120
474.681458
455.430725
601.859070
685.579956
726.820740
597.433594
367.719055
397.680664
421.881287
441.998016
484.168396
572.826172
449.808838
427.473389
491.015289
374.547485
279.857574
373.608765
335.549255
57.835632
-53.918610
-1.069794
10.435638
-28.621948
-16.213898
-5.383636
-20.430603
1.692078
-13.393799
-5.523346
6.023224
5.382385
3.449707
3.735931
0.780426
-2.697632
0.701385
-1.347534
-4.087097
1.383209
-1.027924
-6.103210
5.276733
-5.493805
-0.974487
-0.721863
-1.651886
-2.149323
2.393707
-2.830933
2.038483
0.564453
1.563202
-1.730804
-3.654785
-5.838043
1.087372
3.944336
5.290222
32.894379
64.033432
59.982147
40.990601
27.779114
48.893188
80.830627
108.845276
83.150787
86.263626
87.751312
71.854126
68.353058
67.438431
63.574158
37.527527
22.329529
5.689484
19.610779
23.110779
31.385803
20.380829
11.830505
-10.814331
-0.008575
-2.992981
-2.421783
-0.632050
-0.852203
-2.446442
0.760742
-1.908813
-0.482208
1.411346
-0.259064
1.338196
5.448181
1.227905
4.399780
5.277069
4.278839
3.796997
4.632690
3.728424
5.195160
3.669128
0.893341
8.088257
-4.100189
3.920624
3.313232
0.440674
-3.025543
3.196808
1.574921
-9.318298
5.078125
9.591125
-5.829254
26.341187
67.358765
62.659882
33.365295
75.468292
107.975677
113.780762
129.535797
124.203049
116.751373
108.766937
193.272888
243.493225
275.562195
284.800598
236.360703
237.558563
243.164459
234.615585
255.719788
367.379425
528.338196
685.620483
849.773926
906.059082
877.578735
1077.385132
1276.973145
1195.581055
1185.962646
1266.492065
1062.705811
1005.423218
1353.802856
1364.390381
1175.276123
1207.710327
1325.068359
1233.360840
1366.146240
1650.831055
1569.775635
1434.898804
1457.863281
1154.194824
276.864441
-35.835297
74.126190
223.450104
101.533539
18.953949
-16.794312
94.043076
139.565994
226.136810
144.713623
126.711899
107.660095
117.640137
175.233505
270.275757
329.735077
249.238373
202.966263
246.136414
272.486816
305.417694
328.607056
369.494171
325.779907
251.701752
243.592789
242.022949
249.492523
398.955566
506.421143
458.212952
148.283768
215.720764
159.832764
199.379425
112.177887
152.901718
153.794769
152.976562
143.563538
110.673935
120.433182
114.907227
97.024277
104.158234
125.962372
109.085785
85.560913
108.539490
104.159348
83.600937
38.423706
10.719879
13.564636
23.209534
23.519623
21.410065
28.379456
9.650757
-7.911713
0.161407
4.952271
2.819855
1.124390
3.115417
4.711548
4.320251
-0.428986
1.945007
4.100769
0.155273
2.457611
-0.524261
1.366302
0.089172
-1.242035
0.976593
-0.061432
0.071564
1.314117
-0.442413
1.819885
-2.658478
2.254608
-6.181366
3.847656
-6.539032
-0.123688
2.137024
1.345551
-2.847015
4.028229
-1.132111
-5.541809
-3.347473
1.923492
9.700195
1.244537
75.674164
87.814163
69.619141
70.650482
53.201996
41.309204
61.218658
66.015503
108.999603
208.272934
232.631699
167.116196
123.769073
164.016602
177.971603
141.682465
197.671555
168.916656
129.367432
109.032776
151.963745
148.969940
156.170959
183.731873
183.652618
166.175125
218.365326
220.584732
203.180984
202.443069
183.166351
181.157318
265.080322
360.522919
331.207855
271.850098
298.247528
330.824585
299.582642
209.581635
129.834824
114.292755
157.081085
145.823303
