-3.028961
11.629303
11.986603
7.114441
11.505890
24.229767
13.166840
18.194885
39.781982
53.755890
66.709778
56.951630
42.750519
56.750397
86.986725
52.421295
15.430511
55.044617
33.502167
-36.167419
34.439331
137.445038
61.305420
120.912903
500.075836
638.052246
517.693359
531.667114
615.297729
574.604492
532.309570
509.108887
610.974976
600.066406
572.879272
548.472107
555.767822
540.403564
490.573151
446.006683
555.630249
672.310913
772.932922
683.228638
548.285278
556.321655
586.759033
595.739624
625.371277
632.549438
653.229126
723.767822
696.905518
605.075562
701.580933
851.925476
820.676147
602.409424
614.782104
615.857605
542.554199
366.311005
538.858398
692.495422
614.526367
633.165039
796.152161
698.792175
485.099426
469.280304
509.218842
392.392090
368.525482
480.894562
404.935455
343.183716
376.162140
461.439575
384.751526
315.490112
454.880951
696.050171
711.816833
707.816772
528.346924
592.580078
695.922668
791.001526
681.572327
771.661438
705.688538
635.698120
706.305359
914.218384
847.558411
763.500183
738.787598
807.896240
775.859497
901.694336
1082.777832
1237.210449
1357.421021
1222.719238
1309.710938
1334.013550
1415.229858
1254.882812
1138.253296
1116.550781
1080.934082
977.858948
891.462830
611.689819
402.407959
369.861053
440.948059
424.559387
419.396790
435.774170
512.970520
508.865662
494.329468
566.324585
547.679749
378.004730
351.960846
469.809875
418.095154
346.974792
404.413086
470.521240
403.979858
354.053741
377.303802
385.690735
397.763733
416.151031
327.361176
366.631744
451.281921
382.864990
334.398834
417.307251
456.515503
400.444092
384.962952
461.467957
454.003815
414.928986
385.064209
370.273315
368.138977
363.942871
373.376099
441.218597
532.602356
575.756042
599.077026
579.217285
584.361450
534.441956
471.797852
496.477234
597.220215
488.214691
420.148499
309.524780
111.938507
13.423279
45.096436
90.686264
-71.762695
117.683517
526.501221
805.056030
644.916138
283.936890
277.718414
339.348724
177.489929
109.433960
-30.290100
-12.081757
20.197845
36.676575
-0.182892
8.404663
136.171982
318.030518
261.647491
152.830750
54.567291
25.513153
-30.761780
12.831543
14.533112
6.724030
32.704590
130.937897
121.003418
56.679993
74.460236
117.909897
73.449280
-10.936951
-9.499664
4.974884
-8.070221
1.636505
3.112183
-11.863220
1.680603
0.175690
-0.196472
7.800659
0.076141
21.891724
63.397797
52.321014
-12.249054
26.363281
48.285553
-11.506287
4.435638
251.294800
320.365814
130.927551
86.954193
95.111893
-5.131317
6.918030
26.458649
-40.754028
-9.468353
352.855652
382.581177
201.226013
126.471191
108.950745
200.107422
509.719421
639.828369
307.708710
124.033508
176.525482
105.665558
99.626205
64.283386
71.672913
88.616959
103.429169
45.443054
99.406082
106.822906
10.513885
153.516754
375.302551
391.550446
310.357452
331.395844
298.078796
191.521057
159.933334
94.808060
30.507751
43.935272
39.766418
20.468445
82.716049
239.564636
264.738464
153.458008
95.399261
59.318146
46.280853
6.370422
39.303131
4.398438
-5.416962
4.773224
3.484833
-6.758972
-5.758057
-2.404907
-8.216949
-4.549988
-0.901489
-7.535645
0.465393
-7.479675
-0.947021
-2.471985
-3.766510
-3.455322
0.590515
-3.877594
-6.753754
-0.970520
-2.990540
-3.883331
-4.633911
-1.903412
5.028839
-10.311401
-4.087830
4.332306
-5.195862
-12.949219
5.478973
-4.847900
-4.856384
-6.970551
0.416290
-4.162262
-4.440430
3.333588
-10.425873
-1.068665
0.622437
-10.424927
1.568359
-9.974701
1.136902
-5.815430
-5.123962
0.561310
-9.131317
-3.872589
-0.167755
-10.106506
1.576508
-1.690582
-6.046906
-1.908600
-0.198547
-0.827911
-8.846954
4.002197
-6.781799
-3.223389
-0.339691
-5.373260
-4.142395
-0.121094
-8.998260
-2.765411
3.309692
-9.775665
1.975769
-1.015717
-7.258667
-2.054352
1.319031
-9.994507
1.503235
-3.499359
-4.152618
-6.779724
3.138062
-6.031525
-7.410217
4.345856
-6.766876
-5.703949
-2.911377
0.035889
-7.806396
-2.795074
0.845856
-7.603424
2.683319
-1.365265
-2.858246
-2.821930
2.422241
-12.577057
-3.204041
-4.881195
-2.309998
0.223877
7.344269
16.703186
20.923584
56.422455
44.408081
-19.163055
8.054382
123.270844
145.984329
113.740799
111.505463
142.298248
135.212646
73.733765
42.406433
13.753845
3.897369
32.135040
21.245300
62.126770
190.131500
200.743454
112.688690
146.214172
235.703705
195.383881
82.510208
-17.967133
23.716553
-26.950500
-5.832581
15.681458
19.787750
81.724228
246.974823
397.427094
604.926575
662.456543
663.112671
695.067505
776.687866
795.276123
705.219849
727.919678
761.581726
753.243652
712.290771
753.259766
693.447083
547.786682
480.763062
495.948364
425.153839
306.613373
309.668457
328.314301
254.412827
218.161377
228.059509
169.838882
118.744629
146.048035
154.358292
97.281326
86.454102
66.244446
51.375427
72.229889
41.582550
24.062042
58.123138
51.782043
77.864182
143.337189
136.758957
31.539001
-28.831177
17.741364
31.210724
12.075775
14.527802
7.450134
0.129120
-1.950043
-3.341705
32.260895
45.489319
68.929016
107.451660
128.510651
100.621658
76.493469
80.599640
85.774521
80.956207
79.784088
68.116272
86.845581
82.420853
60.430496
52.156036
80.686890
97.988525
87.791443
110.413879
118.588715
126.784195
117.712891
136.339233
134.308365
111.045609
104.520676
121.977600
101.096313
70.505875
66.395325
78.389374
75.146545
49.600433
9.113495
-2.300873
-6.838226
0.118500
0.816101
-10.270630
-1.153229
0.864258
-9.484894
3.542389
-0.720154
3.537689
21.238037
19.863708
3.640289
1.696228
24.126068
-0.541901
-9.754822
7.384674
-9.133514
0.143921
16.387299
11.300964
15.462280
22.709930
12.690338
0.874664
1.777313
22.612976
24.673553
5.076904
1.197662
-11.304382
6.374146
-9.835419
-4.675476
-2.121033
-4.071045
-9.523712
3.125458
1.606934
-6.823730
11.643280
31.072266
24.434052
19.603180
8.441925
17.314117
49.510193
65.914200
56.128845
57.219604
47.327271
52.294495
62.134247
96.628006
108.312454
178.950134
241.944489
226.270737
204.614288
193.354477
198.314453
234.401474
288.938416
305.616913
240.733795
237.157959
261.686584
287.766968
247.291687
290.402039
385.095520
415.650238
417.589417
558.517639
721.758667
715.172241
484.228302
497.320557
457.639465
595.481262
699.441772
729.985596
610.001221
374.037537
418.901978
416.655670
429.543701
491.064850
568.697632
455.599792
418.252686
490.377747
368.591919
275.631714
368.726929
338.881592
52.166840
-47.972748
1.481354
-6.622162
-43.953766
-7.985565
-9.879883
-21.733063
0.113037
-15.485413
-10.731445
3.798309
-0.730682
-1.433899
-0.174377
-2.568817
-5.915680
-0.939453
-3.568329
-7.604462
0.151733
-3.892914
-10.680206
4.932373
-8.819946
-3.123566
-3.523224
-5.245575
-4.517151
0.505829
-7.459534
-1.503021
-4.250641
-1.871277
-6.498535
-6.598999
-8.853821
-0.794495
0.769257
0.328461
26.087433
57.190826
58.053116
38.707550
25.610107
46.555145
78.138947
105.311234
79.469604
83.573456
90.063782
71.070908
66.442169
64.358841
62.517609
34.704956
21.151215
4.039398
15.904266
19.918182
28.641846
16.287720
11.504395
-12.884674
-1.214233
-4.841064
-6.001648
-3.769928
-5.191986
-6.874634
-2.201752
-6.773407
-4.430267
-3.733521
-6.668945
-5.116119
-1.546509
-9.313019
-4.144501
-5.051361
-7.198700
-7.196320
-6.159607
-7.412140
-4.752045
-6.325470
-10.169891
1.847504
-12.383698
-2.105804
-2.687622
-5.625977
-6.996216
-0.583313
-1.096802
-14.216888
5.287750
8.166565
-10.618805
23.625549
68.389633
64.491943
32.129944
74.358002
106.757858
108.312164
132.726624
126.774536
115.800568
113.797592
182.967621
236.673355
269.082611
282.189911
230.193481
230.801331
239.420578
232.249878
253.494705
369.992676
515.240295
672.967285
847.274170
901.116089
868.964355
1078.549316
1271.657593
1196.976318
1176.631104
1275.542969
1051.995850
1002.525513
1388.671875
1370.231689
1184.224121
1206.584961
1382.709961
1190.098633
1361.399414
1666.743774
1534.813599
1502.129272
1455.223389
1177.704590
268.991943
-45.928223
160.578857
118.628036
125.119873
-7.206299
-35.751099
125.764816
156.039032
245.879517
142.640366
121.268387
117.906464
115.914291
178.830109
275.364044
325.964539
243.375717
196.434479
249.062408
269.058929
297.405090
325.039062
364.691010
328.829895
254.909546
243.275574
250.737915
236.928772
393.502747
498.027710
460.477539
138.840866
221.610107
176.296249
218.758301
126.539963
145.382736
147.317749
147.223068
148.074875
111.441650
116.352509
116.191513
94.307526
102.426102
125.606430
105.999039
79.685989
103.470642
100.364853
81.303925
37.401825
7.320435
10.794434
18.780396
18.193298
16.339844
25.984283
7.558441
-10.634644
-1.898468
1.785645
-1.410156
-4.109528
-0.727966
2.935211
1.477295
-4.850433
-0.328827
1.034180
-4.439667
0.226715
-4.574585
-0.456299
-2.169800
-4.684906
-0.190125
-3.149933
-2.764709
-0.929962
-4.495514
0.157654
-6.789032
1.339233
-9.332855
2.916504
-9.028198
-1.694641
-0.003571
-2.980957
-7.009369
2.786438
-4.910065
-7.837952
-2.851898
-0.095490
8.730530
3.793701
70.833771
87.029083
68.481720
67.654480
54.239288
40.111176
60.737274
73.436096
105.347778
197.553253
230.578217
166.790970
124.946930
166.960968
171.636719
141.480194
193.947495
163.702682
127.440704
108.825775
151.635269
146.103943
153.895111
183.154160
181.239014
164.624969
215.136856
218.863403
203.329178
203.407242
185.206894
180.020599
264.437836
360.059723
328.378906
269.048157
299.506500
330.238770
297.587341
217.479492
131.722198
113.714905
153.160202
142.944611
