229.923335
278.973921
221.971400
215.059050
249.041382
258.285347
246.006959
320.763044
344.630871
262.945181
272.981710
240.722689
249.238459
280.473047
249.449357
249.368256
255.849914
213.052125
220.766264
206.730415
219.402128
237.376558
256.687609
268.635503
293.425704
309.005451
328.185637
339.555812
305.933201
282.082986
284.001028
259.872216
294.384166
267.333071
305.053193
339.944902
369.998837
342.551012
350.752413
355.315162
379.178403
380.964654
378.945998
342.191071
332.358552
350.526215
366.892914
340.159282
303.388860
313.128943
366.454933
408.551521
411.127801
386.946878
421.507785
480.594594
452.749502
416.167731
425.411563
355.539124
366.986167
402.702974
439.206434
428.936174
405.289856
367.996583
573.532731
695.962629
685.125979
577.522276
530.145033
484.176824
476.955437
484.408814
541.337992
644.250707
577.013531
503.987734
479.251488
522.669326
459.354862
385.590743
318.103042
328.152106
328.136797
259.125187
212.110714
235.270560
225.965653
231.696322
224.936578
242.736894
272.332189
375.462247
456.632173
468.375905
504.527584
359.793552
273.460949
315.704792
285.621373
307.728829
283.695364
232.781031
207.950726
218.760805
242.228413
247.941930
288.939608
323.923042
271.363599
277.623784
318.459879
318.107034
332.088439
287.837282
207.031635
218.259640
237.628459
223.834905
240.972168
259.964082
272.767023
279.396169
272.960647
264.509948
271.601712
256.640120
248.133156
265.345754
267.910012
281.686578
297.261415
408.158883
482.853105
446.892353
442.505735
435.706902
397.104427
370.403643
388.345893
533.663435
561.767617
588.650011
527.167292
521.184147
551.519364
587.916249
685.359376
731.623558
734.661159
697.698183
758.833914
829.091172
702.021641
668.627936
534.823006
507.147671
533.949508
699.396609
490.198902
521.054850
593.860189
699.147455
397.983013
549.261495
547.232561
509.893381
745.710148
865.360093
942.832293
999.200825
917.656746
520.886963
747.690191
548.736859
558.747037
595.143449
679.296787
646.561561
413.841680
509.689782
515.576891
436.110679
506.947179
420.775602
486.965696
483.521409
482.748183
665.827458
829.690632
637.369022
663.863388
752.219909
713.418157
766.012704
430.794211
533.702557
605.763195
624.426550
547.235900
660.042056
486.111129
474.565385
849.838871
677.268583
626.232278
581.062582
917.990444
833.555801
891.121137
559.597283
490.837432
490.485027
508.694340
809.923995
555.128228
739.836982
823.890084
1073.622135
1106.154927
1170.751597
1161.293230
969.244320
992.806023
958.275753
1037.612062
1004.290918
987.659996
914.526233
935.244769
584.117555
768.430678
649.100762
775.596186
889.710754
942.344986
726.289267
713.703722
839.855862
864.837676
866.918784
951.483821
967.310054
860.409336
1018.561639
979.972184
1120.925182
946.152940
851.639872
642.177333
650.112280
606.482716
488.980834
491.794962
311.094918
258.259406
271.965118
261.152439
267.442844
283.071903
282.847512
353.344192
452.219723
475.328948
372.711088
280.666006
285.988680
345.122530
421.003921
425.498422
438.007682
550.236407
534.970430
530.625619
465.046109
365.289579
358.423307
313.330584
276.071395
242.889536
303.959301
292.668201
248.518937
251.799284
209.542404
226.895207
296.542381
303.596267
280.293016
290.522060
277.416316
267.262994
252.133147
252.108068
224.865037
328.238582
357.565221
328.596752
298.121176
277.017198
275.976973
300.622039
259.083198
234.635876
231.479204
259.337452
243.400524
226.453171
203.014560
213.811451
235.323490
241.150693
260.524922
272.584100
277.601757
276.834284
296.018926
302.434919
359.757166
320.416222
264.869447
254.181062
335.816133
387.567841
480.334066
465.650299
463.715691
482.843085
709.039839
426.498783
351.521320
391.785656
348.143000
395.731606
308.132257
283.463771
229.039475
266.547455
237.820654
264.449329
336.373049
596.640829
924.667115
945.152509
833.141821
708.850106
709.983327
723.203772
692.006302
387.350217
314.699258
315.181168
301.233476
260.178407
268.650991
265.484570
234.460204
301.602299
334.211679
345.513159
453.823242
462.258114
400.251427
255.550759
267.958321
267.760840
285.054827
249.479305
246.309148
238.337755
238.440138
336.072279
419.718424
581.335526
346.113887
319.238107
291.573623
319.242246
385.378019
326.490502
384.718799
385.672355
368.562537
349.468763
299.757630
189.833603
202.936446
286.440267
238.950649
270.258158
301.915837
277.675941
280.693680
349.025448
323.970887
258.663860
242.860644
269.201731
248.317458
205.418256
260.832178
234.329661
267.855564
384.560967
423.895101
375.015546
364.927228
392.235716
366.784294
295.895925
277.274327
217.036234
263.888373
269.817822
275.311463
315.049591
277.829086
238.482955
360.668479
414.345488
424.522466
471.983825
342.837423
335.764998
327.755174
377.090796
522.652922
553.399832
444.401757
495.729603
589.550646
797.952368
607.598381
782.196003
671.281806
717.921943
618.359064
577.304858
696.679389
828.442590
675.574135
673.376417
577.143675
518.462358
482.180512
431.596131
396.414185
353.064950
342.064215
399.559744
505.523818
479.232563
368.886550
375.727880
367.534495
408.983090
342.514417
353.326270
384.381367
317.285993
290.504664
336.872816
300.424474
314.560275
249.018365
277.944945
258.316553
263.484681
357.653636
449.975026
401.705315
358.015228
326.922493
286.877366
271.500754
233.270387
228.910849
248.438895
289.005250
262.292695
256.869267
264.299545
249.452012
289.328114
409.001215
454.181242
532.805851
533.527254
445.824639
631.704806
598.927696
523.810995
805.673577
715.928066
690.748280
684.352523
668.280072
633.841593
968.630972
1040.229212
824.072609
802.859987
716.030274
777.133569
770.319399
522.495180
489.296406
537.914944
461.775606
430.916048
346.182138
343.592873
359.208091
371.745833
291.688692
390.079127
465.563037
372.619468
514.592561
571.170715
409.348169
350.553044
266.673885
330.262266
399.387312
278.939389
323.536263
270.703852
281.361324
360.207834
395.543549
394.684839
442.542373
268.489633
305.821904
384.760026
333.910982
378.714194
286.492624
246.753322
208.608912
251.482823
209.701228
230.950274
245.748737
290.509313
329.081152
360.034993
374.190677
372.255007
367.128234
355.497377
351.029882
359.596148
358.667216
365.163064
374.870910
344.830066
344.196169
359.487182
331.756193
309.106974
337.786068
398.553902
348.789902
395.936926
442.820257
463.603194
428.870767
438.107769
440.548308
369.780313
474.746133
569.216735
465.072782
540.920249
503.762761
512.278172
413.184172
408.601558
573.151557
584.965809
532.479214
588.955155
694.516103
478.917748
623.641445
785.159220
586.968091
640.254399
627.089451
766.895002
665.754284
661.564041
612.199211
528.628210
585.590234
693.314870
817.059151
937.228153
1007.354911
947.078867
833.816676
899.133793
1012.188882
990.047856
996.704758
788.914944
815.424856
830.767307
711.319996
722.166958
721.879012
731.921490
921.876191
1054.999893
1174.433696
1026.898208
1068.736703
956.748116
1060.160102
1169.962986
1145.929075
886.231080
942.327297
1059.162471
1146.139541
1142.781690
1006.040246
780.263571
782.582794
850.421791
803.082932
863.259652
685.781749
858.576590
977.140925
1117.178437
1150.955129
1094.634535
1073.777284
1081.787035
1170.683694
1008.426892
916.182175
953.537810
750.025287
949.778486
935.393372
922.128998
791.121733
702.793281
834.917729
851.585004
926.090716
803.462627
710.900598
728.093490
777.914617
708.180843
743.910761
591.059140
675.064400
622.179429
641.637283
649.393791
758.973783
832.037070
602.130304
645.400388
632.539418
684.988749
732.858635
773.670904
599.219264
689.099461
687.792994
751.191205
694.762310
677.152789
746.897669
701.500748
830.402551
941.267077
839.085648
903.600351
713.520168
749.557723
754.560133
694.193550
641.682529
651.419346
504.775765
465.850612
517.351058
652.937879
693.339199
672.445032
686.550009
563.045464
625.649937
745.190776
645.290386
617.243696
719.179764
749.869181
657.067035
668.762916
680.429806
670.854177
623.468127
652.620423
706.488369
671.895364
655.172374
730.392888
751.050620
694.970581
692.904362
801.416184
831.083898
850.130279
829.797624
740.455230
749.359406
664.101704
683.696938
710.941435
635.615200
624.988858
620.964431
590.659442
486.784292
455.148579
444.906134
418.203644
398.919683
388.243889
417.599433
478.709504
470.959514
502.684758
511.867308
502.603866
473.476505
516.777222
520.061827
603.504124
649.084357
647.023355
628.465697
677.385774
608.760266
665.740509
716.770646
790.505848
800.685622
759.876006
691.356643
636.524868
599.694262
583.815078
521.750033
456.601355
373.825221
373.202847
349.390611
341.052774
386.663468
389.694682
375.206130
379.117940
306.088621
344.344246
385.924369
362.627490
285.646028
399.659982
459.124318
606.305915
554.818686
561.741007
509.008690
479.028371
490.735014
471.827381
550.292510
628.460548
686.795367
628.625521
626.248521
526.122763
423.927733
362.377770
383.679619
380.979663
342.106906
314.523079
293.648642
273.578625
278.912671
257.602947
275.542588
253.440566
261.540388
266.176096
250.539745
273.376806
282.041798
263.844147
253.407267
231.368955
210.189646
207.072170
214.070548
223.347714
237.688862
263.344262
287.872443
305.748168
318.557331
312.954482
294.141358
258.681368
247.301084
246.618030
281.125069
283.670843
283.114402
276.389324
262.779664
271.682621
304.506132
345.454732
382.660137
409.437584
427.669229
439.318601
441.238079
441.927043
445.685545
446.458430
444.212818
444.165198
444.135314
444.150881
444.145490
444.131722
444.147168
444.142191
444.131722
444.147168
444.142191
444.132549
444.150964
444.145406
444.137797
444.162268
444.155135
444.144981
444.169694
444.161731
444.144981
444.169694
444.161731
444.144981
444.169694
444.161731
444.147467
444.181908
444.176826
444.169876
444.209343
444.213040
444.201774
444.250136
444.233281
444.204857
444.216600
444.195135
444.148279
444.501820
445.756956
445.973134
446.075203
