1258.386062
1258.927251
1258.685181
1258.716940
1258.807645
1257.904854
1256.206621
1254.499998
1253.128985
1251.315202
1249.097066
1248.232860
1248.243020
1248.350561
1249.060677
1249.103392
1249.293692
1249.172060
1249.201909
1250.157999
1250.683967
1252.650768
1254.564081
1255.287855
1255.612493
1255.345220
1253.673158
1251.805202
1249.719021
1248.461683
1248.980098
1251.049559
1252.350260
1254.113029
1255.795998
1255.776644
1255.617835
1253.795629
1252.194093
1250.261942
1248.439196
1248.392373
1248.386074
1248.379592
1248.345535
1248.440514
1248.516704
1248.469309
1248.518678
1248.557613
1250.146482
1252.051894
1253.740583
1255.186903
1256.177182
1256.566307
1254.515091
1253.110236
1251.271098
1249.135984
1248.340842
1248.366952
1248.499783
1248.331379
1248.346774
1248.441880
1248.354109
1248.374047
1248.514084
1248.375972
1249.049473
1251.124821
1252.754355
1254.583784
1256.575735
1256.732214
1256.456502
1254.494421
1252.671784
1250.871118
1248.648624
1248.329735
1248.351506
1248.450649
1248.380401
1248.403087
1248.517935
1249.514254
1251.386627
1254.566120
1256.472161
1257.827590
1258.367739
1257.191517
1256.303634
1253.038792
1250.238336
1249.177246
1251.161133
1252.833181
1253.908241
1255.834465
1257.615462
1257.519652
1255.572857
1253.793140
1252.082771
1250.072767
1248.679734
1248.649732
1248.704673
1250.808195
1252.668531
1254.697116
1255.789103
1256.035911
1256.694291
1254.256992
1252.607731
1252.622023
1216.473311
1159.921539
1088.735746
1006.976006
903.902148
781.368234
713.638004
698.526690
670.469997
634.232302
651.665251
644.950781
639.819237
583.559208
613.160345
567.267749
496.384903
481.088985
442.334689
425.386455
471.074808
526.175635
540.599690
545.813825
532.682983
508.344685
519.882497
484.286302
463.217131
469.734468
479.878417
482.540815
455.468263
484.996583
503.677848
538.939052
541.993109
539.497089
525.616796
545.630696
555.392830
523.376456
506.405422
534.165504
509.908276
527.170839
505.675311
483.139866
458.788129
467.968937
496.893333
527.255678
512.091068
501.326632
505.082917
496.091341
456.255328
484.826981
522.177522
459.825474
476.106536
474.914342
471.201057
451.100823
477.617061
518.324433
526.680024
485.789836
514.789346
545.053528
536.655069
508.356063
527.862830
499.610841
513.386474
616.736254
734.650143
836.234459
823.287429
787.494789
664.836730
508.644276
457.068349
463.964480
481.695832
483.774058
522.690271
457.847059
435.557724
439.511026
460.163312
457.848964
467.619088
554.592752
561.453356
527.077666
513.872485
569.182479
743.781355
616.915150
647.207145
691.942176
769.735155
841.978211
795.100566
747.847732
788.296876
825.738211
836.840764
786.996093
769.214196
747.478041
752.421476
769.414089
719.054769
729.707900
716.734619
633.684916
632.909724
593.321754
572.475769
642.949060
689.827765
781.687858
877.205512
974.920853
995.086831
984.769697
993.604100
990.424731
989.981531
988.403369
987.446835
1040.094363
1016.752891
1000.778352
1027.418560
1059.133431
1087.748725
1093.790715
1160.786544
1225.994180
1246.765093
1211.281963
1175.143058
1147.189110
1118.576994
1068.299720
1028.419767
1030.170532
1021.167748
1002.406271
952.949088
909.763870
844.990082
838.548201
870.412999
861.753152
878.364371
966.470360
999.288969
1007.517878
991.686693
998.725990
975.203645
999.635374
1028.436016
1043.325614
988.907850
930.838378
922.423485
885.931992
822.037522
756.186685
838.746416
940.726470
930.415148
967.688560
1069.752558
1134.559736
1166.630100
1180.689849
1217.859132
1241.805551
1254.014042
1253.167943
1228.752241
1193.100627
1147.328706
1107.276585
1065.432907
1018.342364
993.993544
987.470045
1007.117200
1011.590348
1007.090184
999.287063
984.005282
955.391474
925.054202
895.811007
869.430771
825.443282
848.311273
891.199850
890.245306
879.434220
892.355942
871.346150
800.677606
724.782923
674.950734
588.296076
539.391574
530.717232
499.725544
485.358538
520.799316
544.686595
499.625017
481.336770
491.922585
545.684139
664.211932
596.032808
648.999040
688.043937
612.860307
674.521964
936.123168
1009.664924
1128.338425
1383.372914
1514.145208
1581.981717
1384.642676
1228.628199
1149.497776
1173.154470
1093.076354
1040.136176
1043.179235
1004.478363
947.925586
890.640839
1199.374463
1517.653128
1522.596247
1484.877071
1472.545850
1394.591976
1302.653937
1366.943707
1414.986241
1412.397129
1358.585738
1397.731164
1164.505755
984.846914
1067.948745
1038.488460
905.744268
880.125710
1070.771174
1165.140341
1163.767701
1329.395745
1621.063221
1778.822581
2156.022111
2138.560749
2161.767526
2139.693935
1937.929587
1693.391023
1477.915284
1415.254407
1452.876788
1609.799887
1681.533671
1796.017229
1809.614823
1770.912415
1767.762604
1600.977926
1485.215079
1257.240843
1217.966071
1122.050986
1709.374671
1741.836913
1589.276932
1626.383358
1707.429682
1830.228873
2106.131947
1969.040647
1933.139631
1844.677982
1702.244161
1405.236538
1421.230761
1537.667183
1434.875696
1479.960492
1751.048252
1542.538522
1705.607144
1719.902907
1618.895483
1582.817852
1802.912372
1880.625619
1907.573575
1690.006271
1755.199786
1786.077575
1668.508545
1328.324318
1353.485129
1426.415606
1787.695155
1665.227192
1826.091860
1723.584786
1328.553467
1262.945388
1295.251273
1332.862149
1373.130953
1279.804285
1150.364800
1267.894790
1032.164353
936.595691
748.835781
800.933828
949.461595
1001.186549
973.653458
1042.186642
875.147782
744.797203
644.385110
615.655986
647.206852
679.643572
731.853259
824.989672
913.612045
1117.698856
1141.818788
1278.736454
1397.827022
1424.442750
1250.582215
1177.732619
1113.886388
1204.389080
1097.742570
922.324697
902.989667
850.824223
624.207969
587.827999
604.296513
561.658108
501.851982
502.954657
440.044275
413.235601
427.542898
523.841481
628.466127
641.468210
670.894039
601.419277
513.293959
431.883296
420.166964
427.629281
486.507476
521.024492
573.774175
567.933575
602.169135
589.989145
559.576131
494.721915
475.589633
469.472635
528.601948
547.010767
551.140689
534.812546
554.527566
545.730187
485.835917
456.277314
489.768801
477.354651
433.834304
468.717836
460.517928
443.390508
560.968714
744.690091
722.536603
794.215701
710.559751
581.922570
469.694095
435.399112
445.637366
441.901519
468.503571
466.226114
475.454280
460.026621
513.878988
514.099333
522.465008
484.616467
478.253225
527.145458
540.959260
590.522483
576.248250
564.273508
525.128595
524.332409
503.020707
515.670178
468.849541
472.062138
500.402768
473.516682
478.286444
474.797678
501.784348
538.458420
719.644214
868.736815
1067.861711
1394.524569
1527.526810
1742.841295
2021.428638
1868.007941
1933.426933
1747.408428
1748.816003
1807.187502
2111.970356
1815.161948
1984.576423
1930.025114
1942.541401
1739.023328
1664.584157
1696.406769
1786.379092
1776.366388
1868.261520
1937.567289
1959.298193
1891.694762
1967.346230
1941.270654
1922.250309
1948.311448
1131.078182
1052.087617
2113.200642
2148.503222
2136.585064
2310.156771
2084.802735
1957.622679
1945.296879
1918.132583
1956.982637
1066.321577
844.151270
2035.474690
1794.370332
1796.807173
2372.916661
2270.225875
2135.204621
2298.806956
2071.219357
1958.261364
1949.281865
1871.996428
1953.190478
1776.508056
1811.236222
1889.877161
1812.907913
1888.276774
1865.205813
1874.003311
1799.940194
1732.470825
1826.591803
1775.370345
1678.769186
1718.872201
1584.464033
1428.450592
1856.760241
1839.910947
1766.686810
1860.189960
1952.733073
1611.359409
1481.561160
1482.253426
1354.985347
1361.280282
1487.009247
1356.213279
1475.057482
1315.662687
1615.652849
1947.508531
1661.726293
1769.939326
1720.627890
1762.861112
1395.314643
1638.354127
1754.493745
1653.701169
1934.728547
1953.926817
1448.682743
1360.705808
1660.698191
1435.589375
1378.600605
1732.054861
1831.292346
1770.391432
2121.432964
2118.650107
1699.114273
1484.750490
1486.682451
1277.249099
1265.681017
1617.685128
1864.514783
1593.019741
1475.634059
1334.140970
1228.681924
996.013219
884.789679
743.404747
807.732824
917.617779
777.964176
720.548129
758.242659
607.228220
1334.421538
1355.013309
1457.681126
1674.624341
1598.060797
1254.301168
1920.331163
1827.284322
1665.818585
1415.601984
1306.966437
980.427786
848.183067
677.013063
647.263301
697.867782
686.119053
612.343232
552.452599
552.140775
592.614159
641.414755
768.792201
776.122990
793.674310
742.309900
669.632182
691.562740
788.847867
873.665947
1037.913368
1401.582893
1656.108110
2041.026119
2318.606427
2215.698448
1955.592073
1842.165794
1575.168612
1144.965447
1454.067638
1808.687559
1872.389193
1823.120469
1899.193069
1881.185048
1592.096517
1450.644601
1390.606444
1298.125904
1398.026424
1486.879063
1326.632982
1641.882770
1956.149438
1681.533772
1927.637825
1832.207826
1790.598783
1741.008204
1858.594151
1653.291901
1658.777849
1451.173420
1476.115036
1554.159664
1458.508017
1463.725450
1364.908041
1221.105802
1521.291694
1662.245100
1591.972991
1468.851946
1622.737117
1741.344612
1812.472425
1927.024649
1809.049003
1418.771345
1372.255113
1450.768351
1533.216186
1759.372385
1719.273117
1591.074548
1677.829428
1540.349541
1554.366366
1493.113840
1531.326173
1634.776421
1691.380861
1893.491945
1771.124779
1870.221961
1777.200816
1920.150269
1764.919602
1741.100898
1681.906814
1868.855711
1640.484417
1720.872347
1502.494886
1529.192119
1682.671585
1637.116860
1700.307615
1654.861380
1727.498840
1563.952780
2005.694913
1631.953033
1487.706567
1500.944098
1299.554872
938.534399
870.434448
831.593142
1089.459064
1092.838799
1345.901984
1337.394986
1385.526970
1244.177272
1234.682966
973.064132
809.575991
695.805071
600.093172
530.836584
599.216758
597.849540
536.326395
483.974428
450.153325
433.787275
513.736288
544.388721
562.479595
592.470464
549.107251
552.063878
509.717908
510.289192
470.449022
495.369505
522.927215
515.950441
540.403554
553.264237
594.216518
568.865329
527.451776
538.765290
563.788872
571.539628
526.618092
555.196004
559.447444
596.255840
743.642163
956.293454
936.139369
871.452945
958.923445
919.255672
746.825935
708.201599
664.938215
528.659610
456.072902
528.819636
516.444046
538.583744
539.080102
524.735665
502.530791
636.759193
611.805619
601.620401
583.275047
589.755741
622.654142
591.886139
516.383553
531.150374
494.712342
509.051757
476.383198
439.178845
422.997347
495.724274
500.263166
547.076574
579.143642
588.448544
575.258917
530.500022
540.380742
536.939323
537.961012
578.414316
547.908016
583.720215
599.805471
617.649538
518.602778
488.510374
554.738982
568.495063
569.930337
633.855403
693.581730
759.903050
907.186881
993.974906
1087.043649
1130.978448
1188.359154
1215.301247
1208.890326
1176.975655
1132.053558
1076.654756
1003.880018
899.966869
809.858553
757.347956
681.709316
619.912132
578.669805
540.282998
561.193458
593.000979
656.420763
696.821122
705.651406
757.382137
753.339148
783.932568
797.183643
764.117602
716.249143
755.668725
780.981195
725.844540
664.189483
727.550191
764.409844
731.685197
661.409518
725.209920
694.487462
694.910834
743.022776
745.059331
764.467552
688.070501
676.113108
683.490252
701.035339
680.771311
676.641291
732.781127
789.851606
822.172483
841.805598
886.790092
965.511965
984.348990
986.699031
984.325962
992.935644
961.100292
953.372793
999.516523
1011.771200
1061.546977
1088.915263
1124.761654
1135.385165
1134.794446
1157.023952
1161.342091
1136.464496
1138.922945
1145.323198
1123.451297
1136.602927
1151.248442
1198.045728
1226.245875
1206.078412
1209.190561
1187.933894
1154.999888
1129.654864
1095.245371
1125.082923
1141.599618
1159.836051
1198.030090
1212.692308
1232.142883
1225.592370
1221.900836
1217.853592
1217.290490
1225.580538
1237.690319
1247.726515
1248.830666
1253.016788
1244.545034
1220.494823
1190.111256
1166.155353
1141.907581
1117.485822
1065.161569
1037.263749
1032.696580
1020.811258
1011.205407
987.841194
992.645663
1008.332974
1012.398922
1023.786074
1030.460461
1047.753051
1074.066758
1108.066268
1120.544779
1118.080805
1114.626372
1088.476683
1083.237410
1070.118776
1077.194009
1095.519815
1129.518106
1171.539206
1196.001329
1213.855154
1235.834912
1250.286839
1249.347030
1248.321287
1248.687106
1248.721331
1248.751162
1249.043645
1248.350072
1248.490378
1248.027847
1248.052023
1248.077301
1248.191491
1247.987676
1248.137619
1243.050790
1235.342273
1227.513379
1210.189414
1180.351633
1132.780231
1075.025508
1002.159970
919.680502
841.078615
785.146819
772.645216
767.288256
822.316461
884.201677
947.183655
990.309767
983.459560
983.765825
952.428161
877.548285
832.344198
817.653716
812.010313
853.838842
856.324459
900.647543
947.585730
969.926053
998.334765
1002.299210
977.408468
1041.377652
1053.216753
1039.573479
1005.943153
975.980001
990.391932
978.050010
996.947000
996.438193
993.210287
1006.939347
1044.066146
1082.212202
1099.093278
1141.030791
1187.367337
1217.640488
1166.574472
1101.664797
1049.832565
980.019698
923.457085
941.656792
1011.771562
1088.545012
1115.168048
696.099375
708.991750
685.277426
644.585269
621.938845
638.974102
605.428399
600.249259
634.285651
651.748704
642.638642
661.944698
686.183278
675.555313
666.403632
668.832990
683.715357
688.394751
650.851839
662.018323
581.784058
538.350563
466.243884
447.534385
455.222913
487.535682
539.845768
562.955962
532.573905
515.761901
481.471060
458.375485
474.886117
493.266000
536.816724
563.402504
577.432341
639.870499
616.996269
555.770013
645.537508
668.378811
648.553018
742.523295
627.246507
576.285585
722.666662
740.777708
582.320758
515.753267
485.335957
564.791374
704.766141
800.140689
850.654522
972.022829
1036.697162
1097.203214
1354.348548
1525.172615
1532.995880
1408.780693
1355.887165
1586.940380
1746.346624
1693.366532
1789.033200
1722.741496
1435.517873
1224.766102
1132.175940
1135.587425
1137.698442
1088.342800
1237.483337
1464.478988
1571.081401
1577.548447
1572.070106
1414.868347
1296.620733
1219.727204
1269.151705
1246.719669
1197.350528
1087.968681
1080.124041
1135.434493
1162.330146
1254.109175
1295.594121
1346.304096
1261.045453
1608.773430
1352.178626
1346.651226
1444.331812
1384.626048
1572.650724
1664.537670
1736.951915
1609.853159
1707.135560
1750.226990
1742.884782
1463.901088
1608.795323
1571.060649
1795.993010
1671.181289
1563.739095
1608.293776
1269.672677
1860.126989
1670.789249
1537.766646
1551.981792
1670.691119
1453.533172
1867.247049
1895.008697
1859.906009
1597.983739
1636.364881
1776.279147
1803.923612
1797.591452
1511.133288
1499.306236
1448.782313
1689.353083
1540.797864
1588.444441
1548.673213
1400.446283
1479.951083
1608.871774
1680.682375
1911.201041
1519.192100
1630.868074
1356.559929
1862.469555
1690.771216
1877.393437
1961.219396
1870.187828
1662.947475
1603.173859
1449.694656
1757.544978
1405.945694
1964.149585
1269.675419
1374.021035
1269.523249
1705.605286
1493.078245
1469.185101
1581.324053
1473.174629
1462.117058
1348.254113
1320.484778
1102.561521
1022.227969
1269.823624
1497.659139
1685.937471
1813.565511
1849.210403
1956.107214
2041.195384
2030.343409
1967.670618
1649.282468
1758.799547
1776.510292
1658.767729
1558.251079
1846.851194
1846.844888
1788.765054
1957.979290
1967.359812
1786.327848
1492.164666
1468.110597
1836.455156
1866.998611
1995.406391
2069.287563
2086.962338
2046.921012
2047.964026
2047.439232
2049.047277
2049.257100
2048.904552
2049.383231
2045.202938
2048.019350
2045.865677
2048.544806
2046.517928
2048.071704
2044.105961
2031.362857
1997.585871
1793.366960
1961.784857
1963.892480
1966.949699
1936.056175
1900.169474
1963.064476
1997.961537
1850.199161
1855.773410
1810.695969
1819.773628
1877.907206
1960.596687
1924.695745
2016.679139
2035.006907
2045.678519
2041.193856
2049.746615
2032.431932
2008.279373
2016.365110
1994.224329
1976.903452
1937.645904
1978.305709
1892.973387
2023.745439
2020.909421
2052.140162
2040.920817
2051.888541
2040.689944
2046.059972
2045.341393
2041.264266
2034.287411
2012.563783
1942.647268
1884.400285
1906.341982
1709.799831
1777.509000
1734.950937
1811.143821
1783.539733
1777.873199
1889.859417
1955.874933
1970.099856
1962.595526
1956.379519
1974.216715
1996.232822
1942.819755
1981.659116
2006.660673
1980.612847
1785.985944
1944.356417
1763.791354
1895.085162
1844.026899
1960.221593
2001.775797
2041.305242
2014.885987
2018.525545
1975.684306
2013.974010
1917.640548
1975.499168
1967.129864
1844.336285
1834.685340
1383.321566
1581.771143
1426.513114
1562.532538
1351.575859
1855.881280
1797.498964
1949.852617
1838.433064
1685.615249
1510.047762
1839.456237
1690.121215
1777.821184
1853.842559
2021.211494
1943.334712
1656.524223
1873.266970
1953.554006
1914.488370
1868.638842
1792.482592
1689.794011
1756.703663
1787.388620
1421.180233
1162.957127
1162.744720
1269.743064
1592.586654
1677.041538
1843.750490
2112.263147
2065.844042
2010.482102
1884.375042
1980.665347
1950.827776
2003.739481
1894.170807
2018.696894
2008.832393
1996.393207
2024.878924
2009.811886
1941.392985
1972.937023
1967.961606
1670.103021
1792.111900
1674.103500
1664.195970
1726.653095
1662.558625
1642.926511
1910.159111
1968.132860
1792.642534
1754.497438
1475.521877
1475.279511
1493.994738
1353.802966
1181.462863
1336.898774
1123.353419
1116.542011
1261.528582
1353.548790
1705.310063
1836.809128
1866.779037
1623.743428
1624.316922
1531.977485
1604.292511
1620.186526
1631.223675
1531.183615
1387.484972
1460.950247
1410.528243
1215.682551
1293.060800
1395.864830
1664.655413
1815.148224
1917.452134
1909.782693
1759.918504
1724.016227
1668.039929
1271.211070
1563.800822
1767.245349
1695.813011
1320.055655
1120.305932
1065.850826
1013.008282
1151.184046
1162.897054
1292.904874
1308.147711
1831.965323
1686.756925
1719.779193
1675.309333
1537.618251
1842.281589
1873.845161
1961.128519
1899.452591
1619.366335
1566.247284
1531.758846
1580.382587
1418.423558
1225.279976
1226.036972
1183.942268
1293.476119
1217.801313
1129.577231
1093.082268
1139.204637
1063.311581
1004.913475
724.225713
970.718474
902.346314
694.900377
857.228109
927.594520
702.725866
950.184886
975.175543
963.431102
1053.656495
875.280720
621.917097
509.005033
641.903503
579.802539
602.039168
705.452351
695.752006
730.609641
674.207296
825.416880
1105.636323
1274.634613
1182.616349
1050.390997
1056.257784
944.250180
813.643674
747.822227
651.064428
599.001488
447.731831
498.089100
475.473829
574.866501
742.844587
1103.644738
1280.292315
1596.093402
1792.945723
1770.578932
1846.538464
1734.522045
1851.440823
1905.696896
2019.589382
2032.540881
1990.370955
1968.414458
2012.098938
1809.259238
1707.631465
1767.827670
1711.938015
1619.352735
1219.561250
949.267774
961.545178
955.901876
874.365719
639.165936
526.917672
778.622051
964.917155
1052.578025
941.054463
822.846845
986.763759
1119.387314
1115.286745
948.431516
1109.163451
975.116118
1066.661154
1150.968717
1049.714442
1063.086529
1089.059924
1218.105227
1017.310017
1088.417740
1120.101517
1140.185025
1042.070960
862.242323
771.976363
684.410155
730.171011
807.878171
789.508521
691.065580
694.273927
672.399850
746.543968
754.446872
588.351360
519.012047
701.294639
743.439149
979.576553
1167.000681
1038.677551
886.692681
921.746662
928.738220
742.083114
735.310756
687.446605
587.413022
542.587481
487.426057
550.840416
597.471813
573.805634
557.327504
520.344005
554.644678
649.409011
660.527179
569.615580
620.749926
531.451734
483.737972
437.059860
464.342651
537.162429
585.476763
548.109782
547.725016
600.130424
543.781261
489.278302
450.536618
477.308335
558.993409
467.716296
460.530431
481.304436
385.567287
396.575554
422.111467
399.154611
396.699261
403.033376
414.922456
437.599997
477.464951
524.339818
554.389996
584.443856
596.588885
609.227799
621.557462
625.572386
641.492322
661.959405
668.275186
666.500655
672.500628
669.025295
664.856615
679.003742
694.042191
705.770234
719.440867
725.861213
730.779282
732.096413
735.383966
738.730600
742.670090
741.514930
741.870786
741.804620
743.865009
722.935290
710.357952
684.955096
666.426755
639.575779
620.379794
612.898655
592.551690
560.486958
523.150090
480.720382
436.694575
435.174278
449.851294
462.766922
487.942001
485.890549
478.884899
487.015874
466.840076
472.750972
497.481160
527.662668
560.458824
579.392573
575.419878
577.076840
560.895349
544.690240
537.901578
542.281398
520.255933
493.118784
480.850030
485.060897
479.882449
458.751095
446.222031
422.190569
418.938875
413.267833
436.753355
455.952736
488.427574
561.374669
543.307124
529.258863
463.540976
416.072360
420.218699
389.343218
438.781947
515.024025
494.414358
480.992245
499.499847
469.154807
448.145771
450.281492
419.530533
392.055530
377.894831
384.845839
431.373250
468.939114
512.204501
474.385724
462.119944
398.604298
389.797706
416.061545
422.855991
440.818834
451.488889
444.358716
456.766621
454.090709
467.167513
479.262240
495.382903
533.251837
551.177450
568.380234
578.405421
587.122870
550.286701
523.109793
514.302023
514.172824
531.399651
559.476199
577.060536
578.298011
572.999928
565.584369
556.995297
553.642402
547.786365
546.514151
539.090178
533.873635
531.993674
522.010722
512.140409
497.717679
493.604989
491.275673
488.258038
504.151785
524.980621
529.850798
542.475375
544.743747
551.115636
551.845562
547.454467
561.998723
569.236248
583.293033
589.168740
597.090083
597.589152
591.369185
591.781134
609.347200
614.641209
636.753237
663.565535
680.435015
699.198453
717.420555
726.494503
729.078148
733.303555
732.966415
734.167722
735.110996
736.803934
737.953082
740.880792
742.497530
742.293279
741.511196
741.507385
741.515186
741.475569
741.743222
735.184987
716.332823
703.441432
685.171584
671.966383
659.274011
647.434775
631.085886
607.404941
589.782342
575.689781
581.057719
589.661779
602.567147
617.142677
619.243770
609.663126
606.833714
560.573798
517.123418
508.165846
494.006724
486.272966
493.785287
481.730602
501.075407
543.667396
569.610004
570.511183
657.172899
624.685345
653.860330
548.247571
610.600193
548.853738
487.873469
436.020134
436.502462
417.394880
409.178454
446.256021
400.171574
409.250446
418.303422
394.397574
427.482562
429.438048
433.314128
457.253229
451.936332
456.296853
473.546382
495.087501
530.616521
535.446139
518.565308
479.259263
488.231830
460.372354
446.229816
432.907319
439.123406
430.867254
460.020793
465.459820
458.321286
480.149610
499.509029
522.611404
516.023784
520.033217
537.250909
516.431157
479.051785
466.741866
516.875627
522.737620
663.944454
643.562232
632.627026
565.751988
611.687921
616.682093
582.792739
540.985190
503.755589
519.554210
525.137190
518.935212
469.735716
507.130021
519.342239
528.989286
577.214307
533.976661
557.798608
533.356313
528.602287
564.250037
565.973202
522.025668
595.326139
653.312685
606.288673
585.622361
508.237521
478.296536
467.542152
404.293890
440.760510
399.924209
405.238731
423.547048
388.719718
416.937658
417.828169
433.056509
432.481788
441.903316
445.540778
489.243314
469.927714
518.188266
483.075702
476.828269
491.874422
522.217144
545.635558
589.382032
628.400586
637.227169
650.018350
664.703216
666.014925
652.679701
647.317706
626.767021
613.158255
599.762183
589.763810
586.964036
605.761450
628.080828
641.340671
638.547848
593.309417
521.622487
502.387778
492.465839
512.202246
570.486980
575.757849
498.052627
462.847680
443.205151
424.444872
433.641782
474.524124
504.073725
523.967672
559.504800
547.696072
511.232796
501.820461
454.342423
440.704389
450.700134
449.620944
440.057688
487.270716
526.019008
549.983845
573.558598
594.189751
604.841975
604.218144
600.040194
610.097313
609.997843
617.362002
634.051623
662.790074
673.068841
677.323388
673.115999
662.373514
639.295457
633.136585
620.104193
614.594071
635.761125
666.578675
689.410841
717.331992
737.835176
745.818712
754.398198
717.885922
692.160022
630.268253
460.462084
434.978134
421.754072
477.001359
553.555996
593.699275
618.622312
626.173399
595.929240
603.500966
587.813121
584.775316
608.095673
605.666471
567.046901
569.239056
577.040867
500.037339
499.702555
519.461734
446.290816
498.669765
584.258904
490.338652
534.457252
506.459643
448.907970
480.073593
502.400338
558.404508
550.634011
547.754942
414.058565
405.958608
428.158337
387.707183
404.534499
424.527592
420.197322
473.504829
476.184142
466.061312
442.556179
418.767875
435.553403
462.382943
460.742151
443.338610
402.182172
400.901743
413.334776
424.724363
452.721144
464.183393
458.444217
434.051598
425.858627
407.092576
451.117569
484.783587
539.861884
561.220789
563.006249
572.356652
568.915985
584.108351
616.354573
638.094765
668.795583
692.851505
710.759008
727.698470
742.030946
743.502788
725.912412
705.226140
689.008340
664.178244
660.870181
677.873846
703.066170
698.133720
712.592433
708.479956
688.715027
682.037015
656.085249
614.923503
592.819713
578.170126
565.457722
573.708704
548.732337
487.539182
465.282760
458.987145
492.395068
515.780930
503.695085
440.389546
455.605943
520.375543
658.537711
660.636264
649.235917
691.004081
739.785718
564.428601
520.358396
508.431998
513.163830
659.594382
691.100619
685.362547
622.465413
593.647275
708.745594
718.867223
631.628854
525.912249
621.283174
743.768258
753.841598
942.982125
793.732241
828.338584
888.345649
861.677620
814.555788
671.622013
858.171027
923.249518
964.139078
937.716921
943.222796
868.353327
745.023538
792.310399
728.616154
631.858054
434.683946
409.461529
459.085948
448.845914
447.353136
436.624975
461.498797
498.966008
476.219813
444.634375
408.977867
377.275165
410.060274
466.406728
530.220658
586.308929
596.410821
589.929967
582.371636
560.146199
579.839022
626.993026
667.344201
703.147061
732.754398
742.599385
741.566800
741.573893
741.608166
741.597413
741.599310
741.604501
390.022016
390.407426
390.411307
390.469334
390.593045
390.773649
390.915360
390.859378
390.890611
390.854566
390.723213
390.197552
390.211084
390.225667
390.226954
390.234701
390.287355
390.309143
390.361658
390.390393
390.398698
390.374866
390.361701
390.332625
390.316799
390.345883
390.352076
390.389411
390.373116
390.378629
390.368457
390.393893
390.454748
390.537507
390.374022
390.279782
390.213735
389.980018
389.743076
389.817865
389.792850
389.735516
389.806969
389.783518
389.742375
392.217519
386.404509
350.462139
321.723590
249.474071
317.025549
299.803066
220.163271
232.346373
201.755040
278.714321
272.862092
278.934544
198.501334
195.990498
226.728241
274.167493
328.452766
334.991463
316.625934
303.238748
273.659013
246.537103
233.114265
245.954654
249.195350
248.900452
297.323555
346.222175
385.703974
351.413672
332.104410
295.217490
319.910629
295.453048
255.864476
182.620295
212.285539
270.660221
315.547023
441.874447
574.313698
685.232221
688.940479
430.541113
726.036144
657.427215
729.774496
825.039462
613.270317
797.561621
966.602116
1074.305670
872.735709
1046.505078
688.874663
682.524337
739.437991
503.274069
542.822756
425.275659
281.763820
521.953913
642.364496
661.093562
578.808608
604.191421
544.952326
428.745514
464.793412
419.700670
447.839896
408.886585
397.721978
462.044589
422.445080
584.930646
698.138849
603.924035
379.143310
359.327851
384.824910
442.197036
451.664508
321.535744
370.059471
505.881059
577.917063
288.235806
629.030612
347.583667
573.390333
377.542920
361.652885
295.178380
482.175869
399.317507
274.645603
268.783615
295.296114
270.785160
458.812127
574.150517
442.918800
549.389253
443.192169
313.179621
282.774814
258.710265
295.872193
346.271597
269.348727
286.664424
410.866292
341.846327
621.824854
411.072965
491.349247
397.614692
420.452366
399.978785
347.494425
275.185507
364.520409
246.848472
251.528763
271.723198
282.467782
303.733056
341.673013
355.467443
289.655055
385.418023
414.182205
218.498436
293.043745
278.020004
374.823086
431.260117
277.953671
240.543246
318.582581
479.931719
464.658563
554.164721
440.100311
346.652879
723.182913
714.530830
716.725304
520.413871
518.091626
741.001521
876.707916
734.430033
744.503459
638.789554
794.341311
655.153591
692.872142
432.005729
647.098829
363.880617
530.884741
668.535575
795.416235
967.642665
884.249022
684.677228
578.394112
489.142068
523.982438
479.484688
344.415469
317.787188
241.217798
354.464406
335.365879
218.881451
275.178296
208.613109
204.580357
232.753519
233.818135
220.776842
295.510188
325.160070
242.361069
259.943102
223.853865
238.685053
271.238910
234.268247
236.697144
242.831700
198.251788
206.422473
187.432654
196.303377
210.732427
223.593382
232.271864
252.682401
267.242707
287.018104
302.614832
270.037228
249.023414
257.075505
237.229466
277.743086
250.695105
293.146469
335.230520
368.700882
343.554211
353.065766
355.632762
381.370457
381.853243
381.171944
341.047737
333.442515
350.762423
366.938626
339.085901
302.572644
313.759190
367.522660
410.631002
416.267251
390.839808
427.004339
483.065037
451.688842
417.395742
425.728177
350.078090
370.462063
399.999171
440.435899
431.239337
408.342986
367.005302
583.305197
703.655351
712.948950
594.188796
528.343076
486.616901
484.599439
478.484957
537.582601
647.570106
579.470952
505.675563
473.819941
523.328286
450.820968
381.159501
315.983647
334.614809
325.635959
254.711551
206.072010
225.765190
212.428109
213.959619
200.982855
214.625959
246.896676
356.484946
451.116763
473.866708
524.926744
350.450879
278.929148
318.989747
284.293015
303.766804
277.067512
218.881329
194.783072
202.477328
225.571322
229.734030
270.032050
308.669010
255.838644
268.270236
311.989851
313.398598
332.499671
283.408195
199.127952
213.596951
228.015379
208.159157
217.945049
230.392894
243.186832
251.657903
244.249603
238.468713
250.539332
237.935428
230.775495
250.475860
254.595844
271.882924
289.857756
409.765483
492.319808
456.987514
454.979164
434.694737
396.301282
367.537807
388.466111
538.414858
567.765793
610.911266
533.400554
523.149288
545.488018
584.565851
687.294663
739.112678
742.990066
699.154913
757.617461
830.901505
703.962152
666.070934
536.008857
527.342179
537.928507
697.725284
476.287722
532.627630
579.708569
702.950430
374.501029
570.955372
521.882165
523.473534
757.410723
881.427832
958.040247
997.628346
914.832334
494.961020
755.916174
565.366332
578.934771
584.900314
674.600055
656.551291
403.053777
522.544782
502.355124
441.412224
505.104641
409.088869
497.309361
475.759681
486.411700
677.030158
845.375485
651.358417
672.212969
742.277862
722.688888
767.367152
422.955342
558.685073
599.239340
631.938143
541.483229
669.956845
472.727410
486.571697
840.887398
679.364951
636.567881
570.464500
909.031585
847.230603
894.748443
552.862533
508.664035
515.578146
524.147345
810.288521
556.910269
783.200512
812.675918
1056.590347
1094.314402
1126.596210
1121.492771
966.640495
994.430805
955.650395
1024.860395
1000.792636
985.954366
919.309704
937.503591
562.256737
767.619030
663.059552
789.392661
902.987500
950.211450
728.213663
709.197223
843.301324
864.114750
863.702433
949.490848
963.964211
852.791679
1018.938910
976.690990
1106.930254
945.944194
854.163714
626.335911
657.543776
622.172909
501.209524
479.356143
298.034021
232.289365
239.166023
226.186413
233.055207
245.480726
245.025397
322.236389
435.030650
470.641055
369.770566
270.871409
287.280828
342.681950
420.201607
433.385002
447.927571
570.062983
539.945008
541.289919
459.068785
363.797750
363.968170
312.511229
277.512113
239.415216
299.230845
284.060232
236.309607
239.960094
192.958128
213.779894
283.693214
289.089840
267.309937
279.571652
267.455054
261.096309
245.345390
244.442501
215.176713
324.049829
353.768685
325.069674
296.819966
271.871407
274.380924
298.332871
253.171698
227.961120
222.878588
251.017313
233.003123
212.853865
185.303983
193.527833
213.479026
214.372704
230.297169
240.510235
246.816035
249.176600
272.015451
284.179896
350.939233
313.556481
257.554994
249.199161
334.326558
386.678322
492.674006
478.699570
476.129060
487.008377
719.392577
405.750398
360.605052
395.016506
359.191715
391.027045
305.064484
276.152587
220.648717
260.196102
228.052365
256.894860
332.557613
609.065594
950.134289
937.790439
829.027314
690.652033
708.895407
714.752526
667.567995
370.568386
283.127815
277.304530
264.700888
226.631372
234.736386
236.172157
200.581887
265.423989
300.764194
314.883641
440.809507
454.394357
401.248452
245.111848
271.338896
263.036423
279.593018
238.183256
226.901088
220.382553
219.467408
324.553974
415.243765
601.020988
332.670346
324.481148
283.916855
320.868065
366.827591
291.198770
350.232301
352.900442
341.967271
333.769086
289.345846
177.206228
191.480864
273.266523
220.400318
245.307596
274.396893
249.538044
259.975108
332.472502
310.613542
247.934856
233.262547
261.342205
239.994585
192.548284
247.271272
217.262418
252.692243
378.304343
419.597903
377.439008
369.137698
393.324313
365.228054
292.541719
277.843998
212.113533
263.023182
262.072948
265.209567
308.765623
266.209887
229.176732
359.826657
412.950094
431.363004
490.116171
333.049013
345.799299
322.147662
382.039063
529.199704
568.879679
454.171969
509.055839
584.057057
806.389910
613.747276
800.911675
665.802133
725.109918
615.278732
588.171920
695.724813
830.999103
681.347937
674.251180
571.472213
536.040391
486.688779
437.767773
392.312356
350.968699
341.314358
400.563405
510.330858
486.077938
369.014498
380.071484
364.968447
410.719720
335.464676
358.318883
384.630017
313.745101
291.270246
337.722574
296.252938
315.534079
242.946070
276.873228
252.388114
258.396402
357.398725
453.514749
405.909570
363.078755
324.682637
287.882464
270.752872
229.061070
221.873607
237.892928
277.782728
249.269088
243.450778
252.841576
238.384650
282.863723
409.443808
459.755095
556.816014
552.547958
448.058138
641.523622
587.543153
528.748678
813.579156
715.824073
700.052415
677.875415
673.432395
636.691602
963.836418
1038.260880
815.793555
797.166890
715.815176
772.254178
771.398811
529.967807
500.546152
545.183438
457.338468
426.873639
340.411063
348.887102
357.015579
370.913500
287.232510
398.161983
467.628851
370.254430
535.963300
572.923355
406.072779
351.339835
265.400680
345.900263
391.742337
268.689845
320.318800
256.177234
276.065053
360.273167
394.484212
401.010074
453.618020
254.405755
318.064757
379.540080
330.707003
383.906425
278.544911
244.991854
202.058149
245.810839
195.755868
208.099479
215.829907
251.293046
288.513090
312.049344
325.975745
322.265293
317.225875
307.182844
302.379773
311.750656
309.754754
315.693353
328.343338
299.120520
301.531649
324.517760
303.067311
290.056136
325.704507
396.354283
347.017531
404.947501
447.338618
469.403794
431.255554
441.872139
439.043282
364.713881
481.023566
567.665761
462.827415
556.807581
493.086059
518.855087
398.886170
414.410162
569.797446
580.678187
540.641004
599.115897
693.721029
472.125821
629.356346
774.483093
592.433878
643.575612
614.173335
772.409503
666.831543
665.895078
606.578076
535.921085
589.274881
690.236940
823.111116
946.423476
1004.215663
941.656232
831.056704
900.913202
1009.640721
984.359094
993.766490
786.945473
812.920589
829.582823
703.481392
718.091523
726.691536
739.564033
924.555743
1050.473164
1142.355698
1007.603170
1060.802765
960.913754
1050.893675
1136.221659
1116.540765
898.351022
951.921949
1044.226312
1107.251452
1110.995422
1002.511186
798.013269
778.499663
842.929578
804.045863
865.970783
687.044144
854.877916
977.574190
1098.207761
1127.793759
1073.497732
1068.148883
1073.557719
1135.763573
1006.966203
928.441882
957.274007
747.719228
939.689551
938.468545
911.370988
783.240672
698.423388
836.612125
854.460449
923.711767
802.390121
705.703037
726.968495
782.634210
710.270664
743.640862
590.702117
681.530506
621.232590
648.574396
646.193461
759.618483
835.714217
604.584132
644.729000
630.908965
697.631225
734.521200
776.793882
599.926564
688.463983
687.521987
758.025287
695.259745
678.488225
746.049684
705.446146
831.008645
942.349012
838.934443
899.157889
710.826142
743.585192
756.639072
700.726734
641.388842
653.987547
505.938420
477.175761
513.581855
649.063353
698.867390
689.270045
694.302238
560.188541
630.003266
744.653054
650.419351
617.819641
712.234921
753.276095
659.926190
666.923642
678.549005
676.392728
623.379327
652.282634
706.302163
674.897275
655.510222
728.208810
753.615775
697.626642
691.856869
800.631060
835.337706
850.846829
829.296421
738.660946
747.009916
665.427581
688.388736
714.450475
640.781142
625.877012
618.224441
593.109519
485.701695
457.939203
443.751106
416.057722
393.679168
385.853016
417.611595
480.924599
472.946209
512.136159
513.771094
503.124020
469.446247
515.655787
514.059172
606.253062
651.900369
653.631717
630.234303
675.635904
608.046771
667.287845
714.765052
793.962324
804.377221
761.409767
690.271448
637.943537
606.825308
591.716005
524.559311
457.190413
372.779473
379.272228
345.542638
340.966209
387.846858
390.007310
378.414235
382.796239
301.479918
349.806189
383.843667
361.720531
282.674314
407.318155
457.578236
626.539370
575.690525
582.050601
504.159594
479.496487
486.818525
464.642440
550.217377
629.299442
697.805144
635.477629
628.335386
521.477673
432.682485
372.323720
394.908989
374.350101
339.124987
314.534035
291.130749
271.332801
276.882806
252.645724
272.042426
246.681807
255.322703
259.550060
242.009855
267.272781
275.047411
256.449859
246.529278
222.064335
199.663162
193.720446
195.892797
199.923584
208.056996
228.207387
249.510711
266.054553
279.197836
275.004296
258.661489
225.042280
214.480980
213.737206
247.660026
250.260313
246.497554
240.158879
224.694636
233.272392
262.602260
299.172673
333.400022
357.334976
374.105739
385.156454
386.915355
387.599858
391.215269
391.803880
389.716944
389.671451
389.642772
389.658503
389.652957
389.639389
389.654876
389.649901
389.639389
389.654876
389.649901
389.640171
389.658513
389.653113
389.645121
389.669412
389.662593
389.651888
389.676666
389.668705
389.651888
389.676666
389.668705
389.651888
389.676666
389.668705
389.654238
389.688358
389.683542
389.675656
389.715025
389.718001
389.706538
389.753959
389.738129
389.708655
389.721860
389.699844
389.654943
389.992698
391.197476
391.455530
391.501914
