2.040802
19.322144
19.945984
15.144714
18.645935
33.356232
20.630615
24.884979
47.082062
62.517944
75.808777
62.871582
51.166290
64.189331
93.845978
58.082550
21.181549
60.776886
39.077667
-29.524872
34.416534
135.899323
69.364868
122.559875
501.201538
653.013977
529.181580
520.079407
629.776428
564.272888
524.224609
502.997742
611.002625
596.096313
570.080383
545.929504
548.589233
536.912842
485.245026
442.349701
555.925720
663.591003
774.648621
685.456421
539.016602
549.036621
580.995605
590.812866
614.323364
623.841675
648.193237
720.488647
688.775391
602.645935
701.930786
849.822937
825.669434
601.037598
596.141907
626.943176
535.650635
367.331116
530.828125
679.029358
622.087708
637.405396
836.157776
718.619385
497.454346
474.826050
510.164062
411.696808
385.199677
476.748199
414.924805
350.462402
378.588135
483.541473
394.464966
331.687408
475.328644
708.757690
735.764221
707.030640
549.181824
602.832520
715.909973
799.883850
695.727112
757.941528
711.027832
618.770508
710.214600
922.483704
857.644043
764.777405
733.406250
828.982117
797.864441
882.136963
1085.860718
1253.975708
1383.953857
1230.946777
1318.167725
1367.949951
1395.574829
1278.328735
1164.097412
1126.809326
1078.650269
979.264893
905.574707
618.290283
404.229370
363.053223
436.125977
423.034973
434.187073
455.224609
536.308105
530.561157
516.480103
590.929199
575.085205
400.988861
361.040497
482.475891
427.886261
364.238434
418.100525
489.884460
413.748169
355.587402
387.383270
401.500366
416.300079
431.437195
349.276733
387.592468
471.222504
408.760559
353.966736
431.915466
475.777283
419.902893
390.682617
472.877502
466.195923
428.825806
389.341370
376.611938
381.880920
371.728699
377.291595
454.247559
548.252563
590.466187
612.506104
591.084106
595.080566
544.073120
484.436218
501.847778
620.207458
491.756775
431.179749
308.575989
114.022217
14.617126
42.118317
84.924072
-53.081207
118.029968
542.668030
834.349121
682.159302
325.014343
305.388428
369.760925
198.419464
115.336090
-25.383362
-14.519989
27.751404
50.617554
1.700439
18.773102
134.967102
331.102295
268.879578
165.188721
68.846893
38.838013
-18.840027
14.160187
20.443176
20.758789
47.039459
142.291260
137.630554
69.291931
87.644089
130.487793
89.961151
-2.150848
1.882355
15.443878
3.217285
10.727661
12.616882
0.224457
15.291382
10.225128
10.555847
18.955841
10.358215
34.420593
77.394379
67.320831
-6.889282
34.377716
56.436035
-4.084229
10.090607
262.116699
331.469055
144.784256
91.583282
95.815948
3.414093
0.261871
26.227509
-28.825958
1.649261
360.956848
372.104767
230.123154
127.162506
99.990280
233.150253
495.980499
668.723633
326.935974
174.797745
186.360489
94.615509
87.572388
59.103149
68.749222
81.888733
107.846161
46.173035
101.914825
108.587433
10.346252
159.370789
381.858887
410.304291
322.737183
333.309540
303.775299
198.927536
160.911316
94.136429
27.573486
41.449707
42.778992
28.852386
94.567627
251.046204
267.433990
167.206848
105.862625
62.249329
54.677795
5.775269
43.889038
12.089172
3.363708
13.756317
9.822113
1.294434
2.200623
6.775330
0.643402
5.093567
8.952942
1.039581
10.755249
0.977539
9.164398
5.850494
5.503632
5.827362
9.664978
4.586639
2.887543
8.745270
5.153595
5.604980
4.961945
6.799591
14.127502
-2.186218
6.866516
12.668335
2.669373
-3.224213
15.301025
1.461334
4.491333
1.037384
8.587128
3.014404
3.556335
12.123505
-3.849854
8.363373
7.819305
-4.255096
11.381989
-4.809143
9.826843
-0.028992
1.956299
7.954651
-3.198212
3.735657
6.508972
-4.407379
9.551849
3.491028
0.430206
5.027222
5.522400
5.661652
-3.049347
11.712402
-2.532043
3.901672
5.255371
-0.100922
1.882935
5.939117
-4.197937
3.717102
8.934998
-5.827148
9.460480
3.162323
-2.019135
4.052612
6.555145
-5.756104
8.626434
0.195953
1.505188
-2.055603
8.579681
-2.088715
-1.499664
9.934204
-3.480164
0.975159
1.722473
4.893311
-3.421112
3.144012
5.801849
-3.331390
9.533661
3.107819
3.448608
2.940186
8.716217
-7.971375
4.722626
0.104401
3.359558
5.505493
13.008240
23.127411
27.195007
67.952667
52.563507
-14.200623
15.319733
129.148239
158.011658
122.441376
118.281982
148.267303
148.148727
80.606720
48.139648
19.360657
10.827667
39.122559
28.504517
70.820129
202.489075
216.371170
125.711533
156.066650
247.993790
215.708038
96.773102
-13.980255
25.743652
-19.602417
-7.494934
12.086792
18.321716
81.494186
250.561401
400.702057
611.062744
670.378174
672.886963
698.885376
774.894165
799.951294
712.710510
719.654663
750.510620
755.414062
717.589172
748.364258
693.646057
547.877441
479.466644
493.339417
427.632172
307.301239
307.112488
328.712280
263.291565
223.355133
227.349518
181.380859
127.275421
147.054962
161.042603
105.677078
92.358948
71.738403
59.591461
81.817108
49.617126
32.825104
67.825531
60.206802
87.728394
154.856583
152.132599
43.280396
-22.851837
23.565643
37.375183
17.954254
18.768616
15.676117
7.577942
5.568237
2.169830
42.971252
54.390961
81.081299
119.646149
143.261719
112.662781
85.011917
89.636612
94.123611
86.636200
85.844849
76.582336
95.849579
88.081146
68.118637
57.948273
87.013626
105.773941
94.329391
118.748352
124.745392
136.044632
122.427719
143.271652
141.289886
116.784241
109.456955
129.049637
106.989929
74.511902
71.355515
84.505066
82.204590
55.630310
13.339142
3.367920
-2.666779
4.969696
5.888428
-5.863525
7.842255
6.930664
-4.150421
11.474121
4.479095
9.647888
29.348816
27.133514
9.821777
7.433380
32.880310
4.791321
-3.900085
14.481689
-4.113220
8.110779
22.109253
18.053925
24.453674
29.329987
20.115784
8.894196
6.977905
29.847198
33.778076
11.621429
8.511841
-5.737213
14.719604
-6.033539
3.069946
4.371002
3.088684
-2.551544
10.505859
7.749969
-0.546234
19.239014
38.839630
32.699768
28.179901
13.679291
24.172272
55.887924
72.534714
62.131500
65.269867
51.485840
57.179276
63.994110
100.638718
109.148956
187.417862
251.180511
235.178406
211.196625
194.831436
200.653854
234.090378
287.982117
305.806396
240.827911
234.987595
258.332520
290.427399
240.620667
284.802765
380.095184
418.249146
419.440826
560.344238
722.908447
710.272888
471.950562
480.210754
455.482422
569.582764
685.505981
745.304199
592.645813
370.928101
397.235229
415.994232
421.339081
486.704468
566.694214
453.070862
422.674957
487.610474
374.325378
282.281433
367.227203
344.756622
61.713821
-64.058105
1.199493
-0.127563
-32.298248
-13.695190
-1.343811
-15.539368
5.605286
-10.849335
-3.459473
9.558380
7.039368
6.874573
6.304352
4.240692
0.016205
4.240601
0.745544
-3.419342
4.787415
-0.420135
-6.807617
11.039612
-6.407440
3.183411
0.490631
-0.721558
0.072632
5.517792
-4.052307
4.304565
-0.421387
2.570740
-2.869080
-1.928741
-6.197632
2.040222
2.855438
1.138306
27.960663
60.399857
61.359116
38.648285
24.914703
46.140625
76.094940
105.951904
77.523193
84.125381
88.228470
68.749695
63.795624
60.241608
62.305969
31.468079
18.625549
-0.992889
13.726105
16.240631
26.919495
14.437561
12.714447
-16.261383
-1.793701
-7.001984
-6.356140
-4.158752
-4.521423
-5.129791
-0.067627
-5.071533
-0.693665
-0.102203
-2.124725
0.336700
4.295959
-3.793488
3.753113
1.507385
0.060394
0.973328
1.997070
0.549194
3.970551
2.303864
-1.544189
12.301361
-4.979156
9.637146
5.704529
4.219635
3.199738
9.041840
8.989288
-5.048492
15.890930
16.095703
-2.767700
32.721039
76.563812
74.985962
37.226227
80.905869
112.718216
115.587982
138.332184
128.476105
121.731415
113.882446
184.519043
235.341949
269.317200
283.160919
228.905212
226.306793
236.452927
227.800598
245.223770
357.836426
515.062805
669.808533
846.328918
901.564636
863.664307
1064.101685
1261.538208
1203.845215
1166.107422
1255.355347
1034.810669
976.922668
1350.284424
1382.580811
1171.727905
1182.123291
1354.104126
1199.841553
1328.283203
1643.291016
1539.280518
1497.929565
1455.080200
1213.113525
304.133667
-34.599396
-27.566589
220.064896
82.710556
-42.073059
-53.685791
75.809937
164.000122
231.929749
124.279785
145.791199
135.917755
126.263809
191.542175
290.355988
334.671997
256.149445
203.529526
255.651794
275.230408
301.868317
327.661255
371.945526
334.322327
260.759949
248.429779
254.984589
253.706406
398.906372
498.902893
467.790527
146.364059
208.623779
195.912811
205.457611
138.058426
152.792587
156.969467
154.473419
157.010513
123.464737
131.373291
129.516907
107.093140
114.338226
139.257950
118.753296
90.081757
115.363663
111.039200
94.824722
43.461365
13.019775
20.673157
26.239380
25.252350
25.632996
40.657074
17.598907
-0.270264
9.604523
12.409912
9.442352
7.874390
12.048553
15.314026
13.199280
7.293518
12.603638
12.733490
7.118042
13.721710
6.900482
12.159607
9.712891
7.020355
12.450500
8.084015
9.033539
10.882202
6.610046
12.278259
3.781311
14.152985
0.352753
16.151855
0.272614
10.228546
10.267914
7.280212
3.716553
14.052917
4.073425
4.021729
7.406067
8.575500
19.810028
10.792542
84.220535
96.921356
78.634705
78.323868
61.445663
48.326767
66.325134
74.690521
114.074097
209.311340
243.340912
177.163544
134.359344
175.188354
179.634933
144.422699
202.282806
172.639343
136.165802
112.940948
156.610870
153.716431
160.257233
189.138580
190.812225
170.828125
222.618088
224.800186
212.766663
210.446228
190.770905
186.441849
268.058594
370.510315
338.937500
272.686859
306.579773
340.399475
308.099121
220.285522
131.833679
117.396240
158.457916
150.876740
