475.903229
409.599030
422.287567
479.435089
437.214691
424.425140
460.440277
408.146179
395.105927
452.415222
418.261200
404.638489
438.761353
431.917877
436.433380
433.313812
414.698395
442.690002
441.896606
436.405975
445.811798
443.485321
438.791504
444.882202
434.728546
426.402527
420.547241
416.354370
428.890900
420.711334
398.481049
423.868744
426.253235
422.543518
411.777740
404.106262
416.341309
428.085266
412.948975
415.113892
425.526855
431.822845
429.640594
434.778351
432.795990
427.956451
433.827026
444.388336
440.420685
425.381592
419.698273
428.693420
430.982330
424.919342
409.990417
408.403931
436.317993
441.372711
419.095947
442.993652
446.436584
427.145905
433.720795
438.843933
427.981293
429.480865
387.866913
390.904907
430.989868
430.400635
405.311859
420.187622
456.265778
470.166473
437.791901
408.338287
434.946930
444.261749
418.635254
418.985748
466.141083
480.378265
455.670197
436.998260
457.051361
480.420135
460.386078
423.794037
447.378174
459.021515
438.968475
426.924927
422.980560
401.546722
399.018799
407.457764
383.394073
424.887329
453.464264
417.073761
462.707245
479.370850
427.707825
440.904724
449.283844
422.531219
429.709076
448.318695
424.225891
405.513397
434.205353
420.642181
395.584503
427.674438
433.729248
426.431335
451.693024
437.541290
433.336060
473.082947
455.102844
418.833130
428.881531
433.858032
423.164764
417.406982
414.160950
427.480225
431.645905
415.513763
420.640503
428.003601
419.376099
395.890930
399.246979
426.576294
411.027100
403.427368
436.098602
448.299866
434.424652
408.247406
420.454956
421.868805
415.089020
413.408936
412.817322
428.711823
424.132935
410.137756
416.587463
416.218628
399.329926
408.593872
466.088684
452.954865
442.459778
467.876068
460.260315
421.757477
487.654877
453.150360
377.238861
409.665619
531.746033
416.927368
383.158813
486.022583
396.205139
359.291016
413.218109
367.236359
391.733704
510.854156
414.834961
463.993683
572.738525
445.117645
389.647858
459.714661
480.307861
394.183533
394.278992
500.912292
456.169403
421.602234
434.812500
421.525360
434.096497
392.813141
367.765533
459.725861
415.574585
354.323242
440.444489
458.559174
492.697754
442.709015
394.203583
478.564117
494.010376
379.712036
432.335907
465.944092
345.908325
445.462524
507.484955
380.752197
325.638702
461.075378
459.737885
445.495605
457.101593
450.458130
469.202576
420.619202
499.510132
402.336884
304.861084
352.733185
415.812378
383.455048
370.943756
425.418030
437.261597
444.039368
465.650970
482.396149
449.061279
431.895050
427.534668
538.097534
479.673645
432.799896
470.282654
437.869385
411.426910
452.708252
382.775269
376.800995
476.004456
474.615356
382.970062
404.718384
460.455688
383.727386
414.761017
423.182007
450.332794
455.418091
489.341553
527.935547
537.509888
523.160706
519.639893
507.132385
463.059113
414.479492
434.953003
444.420593
422.431519
427.871124
402.840393
384.392517
409.625580
427.453033
418.436981
400.759460
429.296478
451.474701
428.049255
403.471588
377.286377
405.634674
427.945923
425.096375
450.760071
447.336121
457.562347
486.477661
465.925079
420.557556
444.189667
461.541748
417.335846
426.382690
444.926056
416.048279
430.059753
443.210052
406.547821
409.943237
435.657471
436.703613
428.647461
439.704437
411.633636
415.732697
443.821350
424.655365
412.767029
432.895966
436.541077
449.003876
444.529449
427.544861
427.085632
446.732819
445.573517
438.470367
434.482819
436.250916
446.910004
438.393127
421.627380
422.961060
424.743713
412.722595
411.685944
403.580322
420.879883
435.594086
417.810150
404.580078
430.320374
418.021759
409.503876
409.974060
401.272644
373.415588
477.029510
496.367950
391.788696
452.954102
509.385803
443.686005
429.392700
448.877686
416.821777
431.588104
442.056763
411.456726
366.827301
265.058838
366.379944
512.376282
388.239136
400.065491
578.012329
586.883484
519.981262
450.870880
413.739075
424.074127
434.920685
416.286224
416.203796
469.059662
425.427979
389.594666
437.063843
398.910278
379.567413
416.620819
441.494476
413.562622
434.425415
471.262390
463.752258
424.066711
425.785004
435.179749
404.412720
396.156403
388.555939
468.008728
435.200867
409.313629
487.840546
497.909210
436.775299
421.494385
420.127686
407.214386
385.652130
409.654236
462.889740
441.536102
402.333801
475.413177
467.844025
390.775543
424.923492
442.154388
388.364807
413.780853
446.556000
417.766235
407.694702
449.408997
466.855835
413.806366
427.815521
445.228699
393.007355
402.347992
436.987488
404.182953
394.413422
435.218353
461.068329
438.942322
450.827576
444.235565
439.226349
447.186310
422.265900
422.710327
438.713043
390.603424
406.440399
440.453522
399.513550
430.858154
434.186005
421.083771
444.592926
418.464539
409.891663
445.517334
394.183624
377.865692
392.246033
457.846527
397.612396
388.761414
427.264648
450.319153
450.474121
423.769775
405.533203
476.904114
435.258148
408.215027
461.965210
481.658905
463.072632
470.715271
469.645111
451.396240
428.039886
417.611298
434.119843
449.649078
412.066223
418.108063
449.641571
463.533875
433.412048
413.442505
448.315308
450.392242
411.606628
444.247711
449.430542
439.643402
427.983795
436.200134
442.262543
412.060272
400.584381
437.367096
426.218292
410.306732
438.263245
458.927734
459.977295
449.424225
434.873077
428.267761
440.874115
429.528229
411.034058
428.890594
428.059692
396.083710
410.223877
402.814148
393.682831
426.721008
380.032104
408.145081
472.209290
362.091431
402.829895
469.163666
392.657288
408.969879
469.619141
362.790710
389.946960
507.941620
387.681396
381.858582
487.683411
475.015625
492.766785
489.668915
411.597473
476.471527
509.806580
444.543488
427.366028
451.955933
447.601807
456.405945
410.591492
397.410858
457.594055
400.936188
379.438263
471.517273
452.624603
445.215027
448.227844
443.401428
495.599274
432.550781
399.369110
434.377228
411.726624
412.757233
429.972870
398.168762
455.902344
432.635284
397.623047
473.451538
449.890259
418.070557
445.527069
448.328613
429.782379
472.657806
462.173645
442.253143
445.442688
444.418640
435.777252
431.680054
430.317017
424.813324
420.787659
433.335876
426.837921
431.247650
430.154846
406.364594
429.831177
422.864502
387.385437
412.584229
424.254303
392.534882
390.763031
431.729034
413.373322
392.904419
419.653748
434.359741
418.249329
421.075348
449.465057
420.187164
402.274017
458.604248
416.902405
402.434265
437.306580
452.728516
442.121277
404.154388
427.647827
457.705017
397.984650
379.412170
469.476624
423.383759
365.890076
479.967407
453.177063
381.405487
411.169006
462.089142
442.450592
418.166901
446.438782
448.868500
415.305420
418.043762
401.552460
385.638214
405.402191
414.908081
400.051697
416.304932
464.702850
437.580688
445.712799
440.800903
441.155731
500.490631
485.263184
419.470062
450.818298
419.616333
376.873108
372.266052
435.516632
380.182770
406.338104
438.661621
419.654480
448.762451
503.010132
404.081146
388.298676
452.365936
479.586700
446.850220
446.695648
470.981171
478.380035
495.813385
475.964142
467.251862
393.825775
371.555634
403.994537
405.328461
405.830170
398.848206
403.689087
420.704681
492.938934
478.992981
414.467194
497.304901
471.821014
426.753998
472.642670
466.129517
428.007080
414.759949
450.486420
453.982330
441.491241
442.461182
426.025818
432.073151
484.994843
447.187531
445.916992
440.047394
442.072845
452.031006
438.286194
406.952789
411.912903
473.579926
429.236420
398.000458
455.316162
453.434235
415.352386
457.252106
415.480927
407.545258
448.917603
454.390167
427.932678
409.969940
438.102722
424.294495
389.400635
448.656097
413.255524
428.098541
454.644592
439.241333
467.389557
486.935333
428.570435
466.172180
487.457306
427.233154
411.713562
442.712738
431.474243
399.428925
423.334412
424.824768
408.281372
468.968964
463.860596
381.750580
413.434509
478.201141
427.794434
403.948395
448.192749
459.942902
425.519897
418.251648
448.113617
444.241882
404.061951
419.933197
455.459473
430.021362
395.364899
427.646576
440.672302
417.108704
432.619812
436.377228
454.634369
460.722534
438.357727
461.216980
459.491028
423.778473
443.059845
477.450104
454.371185
439.152130
466.034882
467.082642
440.494324
430.451294
424.232208
430.654297
420.150024
411.317352
424.590118
433.940460
421.087128
428.744354
421.229462
411.283936
421.791046
421.295715
403.572632
434.825073
434.386475
413.601807
419.614441
427.003632
425.289612
431.031281
439.896454
456.356354
461.617462
468.703674
472.305634
471.157135
453.111542
459.442078
464.775909
432.989624
427.822754
437.952209
419.412903
437.228760
430.312164
419.520782
448.959137
458.333221
395.901520
405.101318
414.456238
416.805176
409.930573
407.726593
425.564789
440.888000
447.966858
432.613617
409.153534
412.037903
427.060913
414.182800
431.081940
469.274048
478.969177
453.105743
468.245483
478.205383
442.020416
427.390350
442.534424
435.396149
438.767456
435.621643
436.803589
434.150543
428.051788
435.608063
428.547546
422.286346
437.128754
433.402679
431.052643
443.745667
445.516541
442.978546
447.775513
448.625458
439.269501
431.828583
430.678833
424.887024
421.167664
420.845764
427.734589
428.376434
432.656830
426.126465
433.508087
438.718719
425.605621
430.859009
441.277618
440.915924
443.672760
439.048584
436.698700
435.604126
426.373077
426.787476
430.804504
428.057312
426.638184
427.672882
427.679474
427.724152
427.694855
427.688446
427.722290
427.695068
427.690063
427.722290
427.695068
427.690063
427.724365
427.693848
427.689148
427.730347
427.691101
427.685730
427.734070
427.690521
427.682556
427.734070
427.690582
427.682526
427.734070
427.690582
427.682526
427.740295
427.688934
427.682709
427.744507
427.693115
427.678741
427.750641
427.681854
427.671234
427.742615
427.685242
427.667694
427.732452
428.486084
427.519623
427.205719
428.285461
